lambda	n2-gold(J&C)	k2-gold(J&C)	n1-Si	k1-Si
300	1.53	1.89	1.4875	0
301	1.53	1.89	1.487272727	0
302	1.529	1.889	1.487045455	0
303	1.529	1.889	1.486818182	0
304	1.529	1.889	1.486590909	0
305	1.529	1.889	1.486363636	0
306	1.529	1.889	1.486136364	0
307	1.529	1.889	1.485909091	0
308	1.529	1.889	1.485681818	0
309	1.53	1.89	1.485454545	0
310	1.53	1.89	1.485227273	0
311	1.532	1.891	1.485	0
312	1.534	1.892	1.484733333	0
313	1.536	1.894	1.484466667	0
314	1.537	1.895	1.4842	0
315	1.538	1.896	1.483933333	0
316	1.539	1.897	1.483666667	0
317	1.54	1.898	1.4834	0
318	1.54	1.898	1.483133333	0
319	1.54	1.899	1.482866667	0
320	1.54	1.9	1.4826	0
321	1.535	1.9	1.482408333	0
322	1.531	1.899	1.482216667	0
323	1.526	1.899	1.482025	0
324	1.521	1.898	1.481833333	0
325	1.516	1.897	1.481641667	0
326	1.511	1.896	1.48145	0
327	1.506	1.895	1.481258333	0
328	1.501	1.893	1.481066667	0
329	1.495	1.892	1.480875	0
330	1.49	1.89	1.480683333	0
331	1.488	1.888	1.480491667	0
332	1.486	1.886	1.4803	0
333	1.484	1.883	1.480109091	0
334	1.482	1.881	1.479918182	0
335	1.481	1.879	1.479727273	0
336	1.48	1.877	1.479536364	0
337	1.48	1.875	1.479345455	0
338	1.48	1.874	1.479154545	0
339	1.48	1.872	1.478963636	0
340	1.48	1.87	1.478772727	0
341	1.481	1.869	1.478581818	0
342	1.482	1.869	1.478390909	0
343	1.482	1.868	1.4782	0
344	1.483	1.868	1.478018182	0
345	1.484	1.868	1.477836364	0
346	1.485	1.868	1.477654545	0
347	1.486	1.868	1.477472727	0
348	1.488	1.869	1.477290909	0
349	1.489	1.869	1.477109091	0
350	1.49	1.87	1.476927273	0
351	1.49	1.871	1.476745455	0
352	1.491	1.871	1.476563636	0
353	1.491	1.872	1.476381818	0
354	1.491	1.873	1.4762	0
355	1.491	1.874	1.47605	0
356	1.491	1.875	1.4759	0
357	1.491	1.876	1.47575	0
358	1.491	1.877	1.4756	0
359	1.49	1.879	1.47545	0
360	1.49	1.88	1.4753	0
361	1.489	1.882	1.47515	0
362	1.489	1.883	1.475	0
363	1.488	1.885	1.47485	0
364	1.487	1.887	1.4747	0
365	1.486	1.889	1.47455	0
366	1.485	1.891	1.4744	0
367	1.484	1.893	1.47425	0
368	1.483	1.895	1.4741	0
369	1.481	1.898	1.473971429	0
370	1.48	1.9	1.473842857	0
371	1.478	1.903	1.473714286	0
372	1.475	1.906	1.473585714	0
373	1.473	1.91	1.473457143	0
374	1.471	1.913	1.473328571	0
375	1.469	1.916	1.4732	0
376	1.467	1.919	1.473071429	0
377	1.465	1.922	1.472942857	0
378	1.463	1.924	1.472814286	0
379	1.462	1.927	1.472685714	0
380	1.46	1.93	1.472557143	0
381	1.461	1.931	1.472428571	0
382	1.461	1.933	1.4723	0
383	1.462	1.934	1.472173333	0
384	1.463	1.935	1.472046667	0
385	1.464	1.936	1.47192	0
386	1.465	1.937	1.471793333	0
387	1.466	1.938	1.471666667	0
388	1.467	1.939	1.47154	0
389	1.469	1.939	1.471413333	0
390	1.47	1.94	1.471286667	0
391	1.47	1.941	1.47116	0
392	1.471	1.942	1.471033333	0
393	1.471	1.943	1.470906667	0
394	1.471	1.944	1.47078	0
395	1.471	1.945	1.470653333	0
396	1.471	1.946	1.470526667	0
397	1.471	1.947	1.4704	0
398	1.471	1.948	1.47035	0
399	1.47	1.949	1.4703	0
400	1.47	1.95	1.47025	0
401	1.469	1.951	1.4702	0
402	1.468	1.953	1.47015	0
403	1.467	1.954	1.4701	0
404	1.466	1.955	1.47005	0
405	1.465	1.956	1.47	0
406	1.464	1.957	1.46995	0
407	1.463	1.958	1.4699	0
408	1.462	1.959	1.46985	0
409	1.461	1.959	1.4698	0
410	1.46	1.96	1.46975	0
411	1.46	1.959	1.4697	0
412	1.46	1.958	1.46965	0
413	1.46	1.958	1.4696	0
414	1.46	1.957	1.46955	0
415	1.46	1.956	1.4695	0
416	1.46	1.955	1.46945	0
417	1.46	1.954	1.4694	0
418	1.46	1.952	1.46935	0
419	1.46	1.951	1.4693	0
420	1.46	1.95	1.46925	0
421	1.46	1.95	1.4692	0
422	1.459	1.95	1.46915	0
423	1.459	1.951	1.4691	0
424	1.458	1.951	1.46905	0
425	1.457	1.951	1.469	0
426	1.456	1.951	1.46895	0
427	1.455	1.951	1.4689	0
428	1.453	1.95	1.46885	0
429	1.452	1.95	1.4688	0
430	1.45	1.95	1.46875	0
431	1.448	1.948	1.4687	0
432	1.445	1.946	1.46854	0
433	1.443	1.945	1.46838	0
434	1.44	1.943	1.46822	0
435	1.437	1.941	1.46806	0
436	1.434	1.939	1.4679	0
437	1.431	1.937	1.46774	0
438	1.427	1.934	1.46758	0
439	1.424	1.932	1.46742	0
440	1.42	1.93	1.46726	0
441	1.416	1.929	1.4671	0
442	1.412	1.928	1.46694	0
443	1.408	1.928	1.46678	0
444	1.404	1.927	1.46662	0
445	1.4	1.926	1.46646	0
446	1.396	1.925	1.4663	0
447	1.392	1.924	1.46614	0
448	1.388	1.922	1.46598	0
449	1.384	1.921	1.46582	0
450	1.38	1.92	1.46566	0
451	1.377	1.918	1.4655	0
452	1.374	1.915	1.46543	0
453	1.371	1.913	1.46536	0
454	1.368	1.91	1.46529	0
455	1.365	1.907	1.46522	0
456	1.362	1.904	1.46515	0
457	1.359	1.901	1.46508	0
458	1.356	1.897	1.46501	0
459	1.353	1.894	1.46494	0
460	1.35	1.89	1.46487	0
461	1.347	1.886	1.4648	0
462	1.344	1.881	1.46473	0
463	1.341	1.877	1.46466	0
464	1.338	1.873	1.46459	0
465	1.334	1.869	1.46452	0
466	1.33	1.865	1.46445	0
467	1.325	1.861	1.46438	0
468	1.32	1.857	1.46431	0
469	1.315	1.854	1.46424	0
470	1.31	1.85	1.46417	0
471	1.303	1.848	1.4641	0
472	1.295	1.846	1.46404	0
473	1.287	1.845	1.46398	0
474	1.278	1.844	1.46392	0
475	1.269	1.843	1.46386	0
476	1.26	1.842	1.4638	0
477	1.251	1.841	1.46374	0
478	1.241	1.84	1.46368	0
479	1.231	1.84	1.46362	0
480	1.22	1.84	1.46356	0
481	1.21	1.839	1.4635	0
482	1.2	1.838	1.46344	0
483	1.19	1.838	1.46338	0
484	1.179	1.838	1.46332	0
485	1.168	1.838	1.46326	0
486	1.157	1.838	1.4632	0
487	1.146	1.838	1.46314	0
488	1.134	1.838	1.46308	0
489	1.122	1.839	1.46302	0
490	1.11	1.84	1.46296	0
491	1.097	1.841	1.4629	0
492	1.085	1.842	1.46284	0
493	1.071	1.844	1.46278	0
494	1.058	1.846	1.46272	0
495	1.044	1.849	1.46266	0
496	1.03	1.852	1.4626	0
497	1.016	1.856	1.462544	0
498	1.001	1.86	1.462488	0
499	0.986	1.865	1.462432	0
500	0.971	1.87	1.462376	0
501	0.955	1.878	1.46232	0
502	0.939	1.887	1.462264	0
503	0.922	1.896	1.462208	0
504	0.906	1.906	1.462152	0
505	0.889	1.916	1.462096	0
506	0.872	1.926	1.46204	0
507	0.855	1.936	1.461984	0
508	0.838	1.947	1.461928	0
509	0.821	1.958	1.461872	0
510	0.803	1.97	1.461816	0
511	0.784	1.979	1.46176	0
512	0.766	1.989	1.461704	0
513	0.748	1.998	1.461648	0
514	0.73	2.008	1.461592	0
515	0.713	2.018	1.461536	0
516	0.697	2.028	1.46148	0
517	0.681	2.038	1.461424	0
518	0.665	2.049	1.461368	0
519	0.65	2.059	1.461312	0
520	0.635	2.07	1.461256	0
521	0.625	2.082	1.4612	0
522	0.616	2.094	1.461157143	0
523	0.607	2.107	1.461114286	0
524	0.598	2.12	1.461071429	0
525	0.59	2.132	1.461028571	0
526	0.583	2.146	1.460985714	0
527	0.576	2.159	1.460942857	0
528	0.569	2.172	1.4609	0
529	0.564	2.186	1.460857143	0
530	0.558	2.2	1.460814286	0
531	0.551	2.214	1.460771429	0
532	0.544	2.228	1.460728571	0
533	0.537	2.242	1.460685714	0
534	0.53	2.256	1.460642857	0
535	0.523	2.27	1.4606	0
536	0.516	2.284	1.460557143	0
537	0.509	2.298	1.460514286	0
538	0.502	2.312	1.460471429	0
539	0.496	2.326	1.460428571	0
540	0.489	2.34	1.460385714	0
541	0.482	2.353	1.460342857	0
542	0.475	2.367	1.4603	0
543	0.468	2.38	1.460257143	0
544	0.461	2.393	1.460214286	0
545	0.455	2.406	1.460171429	0
546	0.448	2.419	1.460128571	0
547	0.442	2.432	1.460085714	0
548	0.436	2.445	1.460042857	0
549	0.43	2.457	1.46	0
550	0.424	2.47	1.459960606	0
551	0.419	2.482	1.459921212	0
552	0.415	2.494	1.459881818	0
553	0.41	2.506	1.459842424	0
554	0.406	2.518	1.45980303	0
555	0.402	2.53	1.459763636	0
556	0.397	2.542	1.459724242	0
557	0.393	2.554	1.459684848	0
558	0.389	2.566	1.459645455	0
559	0.386	2.578	1.459606061	0
560	0.382	2.59	1.459566667	0
561	0.378	2.603	1.459527273	0
562	0.374	2.616	1.459487879	0
563	0.37	2.629	1.459448485	0
564	0.366	2.642	1.459409091	0
565	0.362	2.655	1.459369697	0
566	0.357	2.668	1.459330303	0
567	0.353	2.681	1.459290909	0
568	0.349	2.694	1.459251515	0
569	0.345	2.707	1.459212121	0
570	0.341	2.72	1.459172727	0
571	0.337	2.732	1.459133333	0
572	0.332	2.744	1.459093939	0
573	0.328	2.757	1.459054545	0
574	0.323	2.769	1.459015152	0
575	0.319	2.781	1.458975758	0
576	0.315	2.793	1.458936364	0
577	0.311	2.805	1.45889697	0
578	0.307	2.816	1.458857576	0
579	0.303	2.828	1.458818182	0
580	0.299	2.84	1.458778788	0
581	0.296	2.852	1.458739394	0
582	0.293	2.864	1.4587	0
583	0.29	2.877	1.458665714	0
584	0.287	2.889	1.458631429	0
585	0.284	2.901	1.458597143	0
586	0.282	2.913	1.458562857	0
587	0.279	2.925	1.458528571	0
588	0.277	2.936	1.458494286	0
589	0.274	2.948	1.45846	0
590	0.272	2.96	1.458425714	0
591	0.27	2.971	1.458391429	0
592	0.267	2.982	1.458357143	0
593	0.265	2.993	1.458322857	0
594	0.263	3.004	1.458288571	0
595	0.26	3.015	1.458254286	0
596	0.258	3.026	1.45822	0
597	0.256	3.037	1.458185714	0
598	0.253	3.048	1.458151429	0
599	0.251	3.059	1.458117143	0
600	0.249	3.07	1.458082857	0
601	0.247	3.082	1.458048571	0
602	0.244	3.094	1.458014286	0
603	0.242	3.106	1.45798	0
604	0.24	3.118	1.457945714	0
605	0.237	3.13	1.457911429	0
606	0.235	3.142	1.457877143	0
607	0.233	3.154	1.457842857	0
608	0.231	3.166	1.457808571	0
609	0.228	3.178	1.457774286	0
610	0.226	3.19	1.45774	0
611	0.224	3.201	1.457705714	0
612	0.222	3.213	1.457671429	0
613	0.219	3.224	1.457637143	0
614	0.217	3.235	1.457602857	0
615	0.215	3.246	1.457568571	0
616	0.213	3.257	1.457534286	0
617	0.211	3.268	1.4575	0
618	0.209	3.279	1.457472093	0
619	0.207	3.289	1.457444186	0
620	0.205	3.3	1.457416279	0
621	0.203	3.31	1.457388372	0
622	0.201	3.32	1.457360465	0
623	0.2	3.331	1.457332558	0
624	0.198	3.341	1.457304651	0
625	0.196	3.351	1.457276744	0
626	0.195	3.361	1.457248837	0
627	0.193	3.371	1.45722093	0
628	0.191	3.38	1.457193023	0
629	0.19	3.39	1.457165116	0
630	0.188	3.4	1.457137209	0
631	0.186	3.41	1.457109302	0
632	0.185	3.42	1.457081395	0
633	0.183	3.43	1.457053488	0
634	0.182	3.44	1.457025581	0
635	0.18	3.45	1.456997674	0
636	0.178	3.46	1.456969767	0
637	0.177	3.47	1.45694186	0
638	0.175	3.48	1.456913953	0
639	0.174	3.49	1.456886047	0
640	0.172	3.5	1.45685814	0
641	0.17	3.51	1.456830233	0
642	0.169	3.52	1.456802326	0
643	0.167	3.53	1.456774419	0
644	0.166	3.54	1.456746512	0
645	0.164	3.55	1.456718605	0
646	0.162	3.56	1.456690698	0
647	0.161	3.57	1.456662791	0
648	0.159	3.58	1.456634884	0
649	0.158	3.59	1.456606977	0
650	0.156	3.6	1.45657907	0
651	0.154	3.61	1.456551163	0
652	0.152	3.62	1.456523256	0
653	0.151	3.631	1.456495349	0
654	0.149	3.641	1.456467442	0
655	0.147	3.651	1.456439535	0
656	0.146	3.661	1.456411628	0
657	0.144	3.671	1.456383721	0
658	0.143	3.68	1.456355814	0
659	0.141	3.69	1.456327907	0
660	0.14	3.7	1.4563	0
661	0.14	3.709	1.456275556	0
662	0.139	3.718	1.456251111	0
663	0.139	3.728	1.456226667	0
664	0.138	3.737	1.456202222	0
665	0.138	3.746	1.456177778	0
666	0.138	3.755	1.456153333	0
667	0.138	3.764	1.456128889	0
668	0.138	3.772	1.456104444	0
669	0.138	3.781	1.45608	0
670	0.138	3.79	1.456055556	0
671	0.138	3.799	1.456031111	0
672	0.137	3.808	1.456006667	0
673	0.137	3.817	1.455982222	0
674	0.137	3.826	1.455957778	0
675	0.137	3.835	1.455933333	0
676	0.136	3.844	1.455908889	0
677	0.136	3.853	1.455884444	0
678	0.136	3.862	1.45586	0
679	0.135	3.871	1.455835556	0
680	0.135	3.88	1.455811111	0
681	0.135	3.889	1.455786667	0
682	0.135	3.898	1.455762222	0
683	0.134	3.907	1.455737778	0
684	0.134	3.916	1.455713333	0
685	0.134	3.925	1.455688889	0
686	0.134	3.934	1.455664444	0
687	0.134	3.943	1.45564	0
688	0.133	3.952	1.455615556	0
689	0.133	3.961	1.455591111	0
690	0.133	3.97	1.455566667	0
691	0.133	3.979	1.455542222	0
692	0.133	3.988	1.455517778	0
693	0.132	3.997	1.455493333	0
694	0.132	4.006	1.455468889	0
695	0.132	4.015	1.455444444	0
696	0.132	4.024	1.45542	0
697	0.132	4.033	1.455395556	0
698	0.131	4.042	1.455371111	0
699	0.131	4.051	1.455346667	0
700	0.131	4.06	1.455322222	0
701	0.131	4.069	1.455297778	0
702	0.131	4.078	1.455273333	0
703	0.131	4.087	1.455248889	0
704	0.131	4.096	1.455224444	0
705	0.131	4.105	1.4552	0
706	0.131	4.114	1.455178431	0
707	0.131	4.123	1.455156863	0
708	0.131	4.132	1.455135294	0
709	0.131	4.141	1.455113725	0
710	0.131	4.15	1.455092157	0
711	0.131	4.159	1.455070588	0
712	0.131	4.168	1.45504902	0
713	0.132	4.178	1.455027451	0
714	0.132	4.187	1.455005882	0
715	0.132	4.196	1.454984314	0
716	0.132	4.205	1.454962745	0
717	0.132	4.214	1.454941176	0
718	0.133	4.222	1.454919608	0
719	0.133	4.231	1.454898039	0
720	0.133	4.24	1.454876471	0
721	0.133	4.248	1.454854902	0
722	0.133	4.256	1.454833333	0
723	0.134	4.264	1.454811765	0
724	0.134	4.272	1.454790196	0
725	0.134	4.28	1.454768627	0
726	0.134	4.288	1.454747059	0
727	0.134	4.296	1.45472549	0
728	0.135	4.304	1.454703922	0
729	0.135	4.312	1.454682353	0
730	0.135	4.32	1.454660784	0
731	0.135	4.329	1.454639216	0
732	0.135	4.338	1.454617647	0
733	0.136	4.347	1.454596078	0
734	0.136	4.356	1.45457451	0
735	0.136	4.365	1.454552941	0
736	0.136	4.374	1.454531373	0
737	0.136	4.383	1.454509804	0
738	0.137	4.392	1.454488235	0
739	0.137	4.401	1.454466667	0
740	0.137	4.41	1.454445098	0
741	0.137	4.418	1.454423529	0
742	0.137	4.426	1.454401961	0
743	0.138	4.434	1.454380392	0
744	0.138	4.442	1.454358824	0
745	0.138	4.45	1.454337255	0
746	0.138	4.458	1.454315686	0
747	0.138	4.466	1.454294118	0
748	0.139	4.474	1.454272549	0
749	0.139	4.482	1.45425098	0
750	0.139	4.49	1.454229412	0
751	0.139	4.499	1.454207843	0
752	0.139	4.508	1.454186275	0
753	0.14	4.517	1.454164706	0
754	0.14	4.526	1.454143137	0
755	0.14	4.535	1.454121569	0
756	0.14	4.544	1.4541	0
757	0.14	4.553	1.454083077	0
758	0.141	4.562	1.454066154	0
759	0.141	4.571	1.454049231	0
760	0.141	4.58	1.454032308	0
761	0.141	4.588	1.454015385	0
762	0.142	4.596	1.453998462	0
763	0.142	4.605	1.453981538	0
764	0.142	4.613	1.453964615	0
765	0.142	4.621	1.453947692	0
766	0.143	4.629	1.453930769	0
767	0.143	4.637	1.453913846	0
768	0.143	4.644	1.453896923	0
769	0.144	4.652	1.45388	0
770	0.144	4.66	1.453863077	0
771	0.144	4.668	1.453846154	0
772	0.145	4.676	1.453829231	0
773	0.145	4.684	1.453812308	0
774	0.145	4.692	1.453795385	0
775	0.146	4.7	1.453778462	0
776	0.146	4.708	1.453761538	0
777	0.146	4.716	1.453744615	0
778	0.146	4.724	1.453727692	0
779	0.147	4.732	1.453710769	0
780	0.147	4.74	1.453693846	0
781	0.147	4.748	1.453676923	0
782	0.148	4.756	1.45366	0
783	0.148	4.763	1.453643077	0
784	0.148	4.771	1.453626154	0
785	0.148	4.779	1.453609231	0
786	0.149	4.787	1.453592308	0
787	0.149	4.795	1.453575385	0
788	0.149	4.804	1.453558462	0
789	0.15	4.812	1.453541538	0
790	0.15	4.82	1.453524615	0
791	0.15	4.829	1.453507692	0
792	0.151	4.838	1.453490769	0
793	0.151	4.847	1.453473846	0
794	0.152	4.856	1.453456923	0
795	0.152	4.865	1.45344	0
796	0.152	4.874	1.453423077	0
797	0.153	4.883	1.453406154	0
798	0.153	4.892	1.453389231	0
799	0.154	4.901	1.453372308	0
800	0.154	4.91	1.453355385	0
801	0.154	4.918	1.453338462	0
802	0.155	4.926	1.453321538	0
803	0.155	4.935	1.453304615	0
804	0.155	4.943	1.453287692	0
805	0.156	4.951	1.453270769	0
806	0.156	4.959	1.453253846	0
807	0.156	4.967	1.453236923	0
808	0.156	4.974	1.45322	0
809	0.157	4.982	1.453203077	0
810	0.157	4.99	1.453186154	0
811	0.157	4.998	1.453169231	0
812	0.158	5.006	1.453152308	0
813	0.158	5.013	1.453135385	0
814	0.158	5.021	1.453118462	0
815	0.159	5.029	1.453101538	0
816	0.159	5.037	1.453084615	0
817	0.159	5.045	1.453067692	0
818	0.16	5.054	1.453050769	0
819	0.16	5.062	1.453033846	0
820	0.16	5.07	1.453016923	0
821	0.16	5.079	1.453	0
822	0.16	5.088	1.452984507	0
823	0.16	5.097	1.452969014	0
824	0.161	5.106	1.452953521	0
825	0.161	5.115	1.452938028	0
826	0.161	5.124	1.452922535	0
827	0.161	5.133	1.452907042	0
828	0.161	5.142	1.452891549	0
829	0.161	5.151	1.452876056	0
830	0.161	5.16	1.452860563	0
831	0.161	5.168	1.45284507	0
832	0.161	5.176	1.452829577	0
833	0.162	5.185	1.452814085	0
834	0.162	5.193	1.452798592	0
835	0.162	5.201	1.452783099	0
836	0.162	5.209	1.452767606	0
837	0.162	5.217	1.452752113	0
838	0.163	5.224	1.45273662	0
839	0.163	5.232	1.452721127	0
840	0.163	5.24	1.452705634	0
841	0.163	5.248	1.452690141	0
842	0.163	5.256	1.452674648	0
843	0.163	5.264	1.452659155	0
844	0.164	5.272	1.452643662	0
845	0.164	5.28	1.452628169	0
846	0.164	5.288	1.452612676	0
847	0.164	5.296	1.452597183	0
848	0.164	5.304	1.45258169	0
849	0.164	5.312	1.452566197	0
850	0.164	5.32	1.452550704	0
851	0.164	5.328	1.452535211	0
852	0.164	5.336	1.452519718	0
853	0.164	5.344	1.452504225	0
854	0.164	5.352	1.452488732	0
855	0.164	5.36	1.452473239	0
856	0.165	5.368	1.452457746	0
857	0.165	5.376	1.452442254	0
858	0.165	5.384	1.452426761	0
859	0.165	5.392	1.452411268	0
860	0.165	5.4	1.452395775	0
861	0.165	5.408	1.452380282	0
862	0.165	5.416	1.452364789	0
863	0.166	5.424	1.452349296	0
864	0.166	5.432	1.452333803	0
865	0.166	5.44	1.45231831	0
866	0.166	5.448	1.452302817	0
867	0.166	5.456	1.452287324	0
868	0.167	5.464	1.452271831	0
869	0.167	5.472	1.452256338	0
870	0.167	5.48	1.452240845	0
871	0.167	5.488	1.452225352	0
872	0.167	5.496	1.452209859	0
873	0.167	5.503	1.452194366	0
874	0.167	5.511	1.452178873	0
875	0.168	5.519	1.45216338	0
876	0.168	5.527	1.452147887	0
877	0.168	5.535	1.452132394	0
878	0.168	5.544	1.452116901	0
879	0.168	5.552	1.452101408	0
880	0.168	5.56	1.452085915	0
881	0.168	5.569	1.452070423	0
882	0.168	5.578	1.45205493	0
883	0.168	5.587	1.452039437	0
884	0.169	5.596	1.452023944	0
885	0.169	5.605	1.452008451	0
886	0.169	5.614	1.451992958	0
887	0.169	5.623	1.451977465	0
888	0.17	5.632	1.451961972	0
889	0.17	5.641	1.451946479	0
890	0.17	5.65	1.451930986	0
891	0.17	5.658	1.451915493	0
892	0.171	5.667	1.4519	0
893	0.171	5.675	1.451884507	0
894	0.171	5.683	1.451869014	0
895	0.172	5.691	1.451853521	0
896	0.172	5.699	1.451838028	0
897	0.173	5.707	1.451822535	0
898	0.173	5.715	1.451807042	0
899	0.174	5.722	1.451791549	0
900	0.174	5.73	1.451776056	0
901	0.175	5.737	1.451760563	0
902	0.175	5.744	1.45174507	0
903	0.176	5.752	1.451729577	0
904	0.176	5.759	1.451714085	0
905	0.177	5.766	1.451698592	0
906	0.178	5.773	1.451683099	0
907	0.178	5.78	1.451667606	0
908	0.179	5.786	1.451652113	0
909	0.179	5.793	1.45163662	0
910	0.18	5.8	1.451621127	0
911	0.181	5.807	1.451605634	0
912	0.181	5.814	1.451590141	0
913	0.182	5.82	1.451574648	0
914	0.182	5.827	1.451559155	0
915	0.183	5.834	1.451543662	0
916	0.183	5.841	1.451528169	0
917	0.184	5.848	1.451512676	0
918	0.184	5.856	1.451497183	0
919	0.185	5.863	1.45148169	0
920	0.185	5.87	1.451466197	0
921	0.186	5.878	1.451450704	0
922	0.186	5.886	1.451435211	0
923	0.187	5.894	1.451419718	0
924	0.187	5.902	1.451404225	0
925	0.188	5.91	1.451388732	0
926	0.189	5.918	1.451373239	0
927	0.189	5.926	1.451357746	0
928	0.19	5.934	1.451342254	0
929	0.19	5.942	1.451326761	0
930	0.191	5.95	1.451311268	0
931	0.192	5.957	1.451295775	0
932	0.192	5.964	1.451280282	0
933	0.193	5.971	1.451264789	0
934	0.193	5.978	1.451249296	0
935	0.194	5.985	1.451233803	0
936	0.194	5.992	1.45121831	0
937	0.195	5.999	1.451202817	0
938	0.195	6.006	1.451187324	0
939	0.196	6.013	1.451171831	0
940	0.196	6.02	1.451156338	0
941	0.197	6.028	1.451140845	0
942	0.197	6.036	1.451125352	0
943	0.198	6.044	1.451109859	0
944	0.198	6.052	1.451094366	0
945	0.199	6.06	1.451078873	0
946	0.2	6.068	1.45106338	0
947	0.2	6.076	1.451047887	0
948	0.201	6.084	1.451032394	0
949	0.201	6.092	1.451016901	0
950	0.202	6.1	1.451001408	0
951	0.203	6.107	1.450985915	0
952	0.203	6.114	1.450970423	0
953	0.204	6.121	1.45095493	0
954	0.204	6.128	1.450939437	0
955	0.205	6.135	1.450923944	0
956	0.205	6.142	1.450908451	0
957	0.206	6.149	1.450892958	0
958	0.206	6.156	1.450877465	0
959	0.207	6.163	1.450861972	0
960	0.207	6.17	1.450846479	0
961	0.208	6.178	1.450830986	0
962	0.208	6.186	1.450815493	0
963	0.208	6.194	1.4508	0
964	0.209	6.202	1.450784507	0
965	0.209	6.21	1.450769014	0
966	0.21	6.218	1.450753521	0
967	0.21	6.226	1.450738028	0
968	0.211	6.234	1.450722535	0
969	0.212	6.242	1.450707042	0
970	0.212	6.25	1.450691549	0
971	0.213	6.257	1.450676056	0
972	0.213	6.264	1.450660563	0
973	0.214	6.271	1.45064507	0
974	0.214	6.278	1.450629577	0
975	0.215	6.285	1.450614085	0
976	0.216	6.292	1.450598592	0
977	0.216	6.299	1.450583099	0
978	0.217	6.306	1.450567606	0
979	0.217	6.313	1.450552113	0
980	0.218	6.32	1.45053662	0
981	0.219	6.328	1.450521127	0
982	0.219	6.336	1.450505634	0
983	0.22	6.344	1.450490141	0
984	0.221	6.352	1.450474648	0
985	0.221	6.36	1.450459155	0
986	0.222	6.368	1.450443662	0
987	0.222	6.376	1.450428169	0
988	0.223	6.384	1.450412676	0
989	0.223	6.392	1.450397183	0
990	0.224	6.4	1.45038169	0
991	0.225	6.407	1.450366197	0
992	0.225	6.415	1.450350704	0
993	0.225	6.422	1.450335211	0
994	0.226	6.429	1.450319718	0
995	0.226	6.436	1.450304225	0
996	0.227	6.443	1.450288732	0
997	0.227	6.45	1.450273239	0
998	0.227	6.457	1.450257746	0
999	0.228	6.463	1.450242254	0
1000	0.228	6.47	1.450226761	0