Lambda	Qext	Qsca	Qabs	Cext	Csca	Cabs	Qnf_1	Qnf_2	Qnf_3
300	1.124949793483058	0.11672188234978635	1.0082279111332715	3180.720606177357	330.02334729293483	2850.697258884422	2.1729354692850325	0.1839944329420071	0.28646818999687346
301	1.1659056971685204	0.12460493825523777	1.0413007589132826	3296.5206957027985	352.3121627612983	2944.2085329415004	2.1729066924015106	0.2077477598508726	0.3094594250873128
302	1.13095164071551	0.11690946535933502	1.014042175356175	3197.6904294334527	330.5537257571976	2867.136703676255	2.1722180173126917	0.18969234916370237	0.29278209627076596
303	1.095540549779414	0.10913081805758426	0.9864097317218297	3097.5679286070567	308.56011866095594	2789.0078099461007	2.172187929442655	0.17413668541939054	0.27567524507996316
304	1.0598578694932554	0.1014250800792855	0.9584327894139699	2996.677526984407	286.7726578201558	2709.904869164251	2.17215586562596	0.16056693382218581	0.258478894732071
305	1.0241908408334475	0.09404164879694114	0.9301491920365064	2895.8313792926806	265.8964976927475	2629.934881599933	2.1721219063795636	0.14812036603147175	0.2417696797076748
306	0.9885320201523092	0.08697565925841992	0.9015563608938894	2795.008439113895	245.917882950643	2549.0905561632517	2.172086128788322	0.1367824633587215	0.2255559106122898
307	0.9538487224181932	0.08004653065447837	0.8738021917637149	2696.943725086505	226.32623338451347	2470.617491701991	2.1720486114590694	0.12981970694909328	0.2095247184554428
308	0.9193182960413703	0.0734802066201696	0.8458380894212006	2599.31124463883	207.7603895719664	2391.5508550668637	2.172009427229547	0.12469281408104019	0.19414411206006565
309	0.8848028753166729	0.06729763941540977	0.8175052359012631	2501.7211916729866	190.27959263224759	2311.441599040739	2.1726069495445293	0.12124383279441767	0.17948037528119232
310	0.8503161424026539	0.061490193831975876	0.788825948570678	2404.2122515808906	173.85942708931304	2230.3528244915774	2.172561946865665	0.11932732100164904	0.16554188666730815
311	0.8054849030300726	0.05441857942907576	0.7510663236009968	2277.4549085430867	153.86490841785934	2123.5900001252276	2.171225796230603	0.12642102039293493	0.14806802852812323
312	0.7721905944032081	0.049646930643112916	0.7225436637600953	2183.317468693429	140.37338932351696	2042.944079369912	2.1699324341051263	0.13960776705052155	0.13665911560058555
313	0.7506900922743455	0.046874117841720284	0.7038159744326252	2122.526231110555	132.53344582954563	1989.9927852810092	2.171170621969082	0.15749015724892032	0.13063980235254433
314	0.7298432646067555	0.04463232699212673	0.6852109376146288	2063.583214524517	126.19493153197448	1937.3882829925428	2.171772977589148	0.1808052031474814	0.12604684720605497
315	0.7136242645985981	0.043984132591913576	0.6696401320066845	2017.7250723777368	124.36220504274758	1893.3628673349892	2.1723670950120355	0.229400978820682	0.1263050050852049
316	0.7042606977094006	0.044661518181446556	0.659599179527954	1991.2502107222874	126.27746767529952	1864.972743046988	2.1729530984205496	0.2814856942518113	0.13034470044565424
317	0.7016408380920823	0.04628051677248317	0.6553603213195992	1983.8427321678041	130.8550783470951	1852.987653820709	2.173531113161316	0.33355531776955605	0.1371317875283298
318	0.7019303366102841	0.04886427591959602	0.6530660606906882	1984.6612699440113	138.16048522678875	1846.5007847172226	2.1734991678227256	0.39694023302650916	0.146995921741013
319	0.7251460257250235	0.056327763495775264	0.6688182622292482	2050.302084477812	159.2629991923238	1891.0390852854882	2.1759826419548927	0.5157761101246399	0.17236712207247548
320	0.7494998661466973	0.0637401821035785	0.6857596840431188	2119.160946017698	180.22111905157004	1938.9398269661278	2.1784623807532975	0.6296527462707975	0.1979253941117421
321	0.7741903162578128	0.07042063515520934	0.7037696811026034	2188.971549032313	199.1096550582595	1989.8618939740534	2.1880101638366387	0.727222762232677	0.2214930553818667
322	0.8000993867996051	0.07771561135643877	0.7223837754431663	2262.227720140204	219.7357143359648	2042.4920058042392	2.19316670954889	0.8369679724781487	0.24752997370452995
323	0.843610328340142	0.08905886808132871	0.7545514602588134	2385.252009005277	251.8080171311923	2133.443991874085	2.2029069440729683	1.00206623664771	0.28747358905397763
324	0.8868385564236543	0.1004378135852903	0.7864007428383639	2507.4769444026565	283.9812275719522	2223.495716830704	2.210194921039827	1.1748570230692068	0.3284209641927649
325	0.9239522869405926	0.10961034041902014	0.8143419465215724	2612.413545228049	309.915936196083	2302.497609031966	2.2175717432788886	1.3202290505682268	0.36279336010264807
326	0.9635668470851844	0.1195077613855589	0.8440590856996255	2724.4210752409454	337.9002346942504	2386.520840546695	2.225038334288509	1.4840084096218933	0.40044590717244166
327	1.0206133231063672	0.1320135023212137	0.8885998207851535	2885.716186224146	373.25938416028566	2512.4568020638603	2.2325956283123998	1.696124651583494	0.44839466829302377
328	1.08832607139073	0.14620903146980663	0.9421170399209233	3077.169471532222	413.39629723862106	2663.7731742936007	2.237619153664226	1.9586717866089067	0.5040553894044248
329	1.1615373951413837	0.16136214326416176	1.0001752518772218	3284.1696127013956	456.2407114615749	2827.928901239821	2.2474464050272913	2.271348905297199	0.5653147410416485
330	1.2406058953677508	0.17724337672158016	1.0633625186461706	3507.730530198762	501.14384118536793	3006.5866890133943	2.2526292311219467	2.6501152551497835	0.6321333353422597
331	1.3288257355338982	0.19244269303352318	1.136383042500375	3757.166251788913	544.1188956040369	3213.047356184876	2.2514851489659335	3.119393632504417	0.7009907939062063
332	1.418274021535017	0.20393462699344095	1.214339394541576	4010.075322148495	576.6115733776519	3433.4637487708433	2.250343245685555	3.707979327306699	0.7620414515560222
333	1.4705903896967212	0.20746934687670696	1.2631210428200141	4157.996368239873	586.6057583936415	3571.390609846231	2.2465317056282905	4.208386974880423	0.7928624951558005
334	1.496805544692701	0.20624898794710564	1.2905565567455954	4232.117972753153	583.1552748104612	3648.962697942691	2.245388583728481	4.615180885703915	0.8028363266437503
335	1.5133404584458883	0.20321574098468434	1.3101247174612038	4278.869339970431	574.5789710741615	3704.2903688962692	2.24211600943119	5.070654053933332	0.804649826599578
336	1.516886007009526	0.1982471694911866	1.3186388375183395	4288.894142358854	560.5306661416341	3728.3634762172196	2.238843237189071	5.513668104030285	0.7959016826538042
337	1.5114947552554616	0.1921239251623321	1.3193708300931295	4273.650737145054	543.2176006819359	3730.4331364631184	2.233446204709812	5.990438237057627	0.7798569125694086
338	1.4985309149012351	0.1852689282552801	1.313261986645955	4236.99634208782	523.8355535507181	3713.1607885371022	2.230728640766662	6.501572464532108	0.7579438131289731
339	1.4781834458905052	0.17774815214109602	1.3004352937494092	4179.465228840891	502.5710600600653	3676.8941687808256	2.225343395854213	7.0483128997142765	0.7306689568690866
340	1.4527664834359104	0.17013595731733797	1.2826305261185724	4107.600460569361	481.048086257654	3626.5523743117064	2.219965275130202	7.581110881641061	0.700860551008103
341	1.4260781231755777	0.1631187837291946	1.2629593394463832	4032.140899692163	461.20749536352605	3570.933404328637	2.215157666192671	8.027490643394303	0.6725033299654446
342	1.3986348867641956	0.15650172112400582	1.2421331656401897	3954.5469767815102	442.4981916216017	3512.0487851599087	2.2130199115340674	8.468639433120273	0.6453007964644057
343	1.370541525413894	0.15025813127698656	1.2202833941369073	3875.114868912034	424.84485722572055	3450.2700116863134	2.210323255845581	8.892259965557088	0.6196916893653177
344	1.3431399249923763	0.14452720312636005	1.1986127218660163	3797.6386689892756	408.64103962708725	3388.9976293621885	2.2081807110234197	9.298175125671687	0.5965719814853134
345	1.3195387064367958	0.13979567329541664	1.1797430331413792	3730.907795642295	395.26295420566777	3335.644841436627	2.206040843922466	9.611056031122866	0.5787413896943923
346	1.2989118530564876	0.1358073353510552	1.1631045177054324	3672.5867417006693	383.98619433823234	3288.600547362437	2.2039037125284464	9.85177344468948	0.5648992148129007
347	1.2794448169105672	0.1322267860832796	1.1472180308272877	3617.5449937317985	373.86242979031823	3243.68256394148	2.2017693696685385	10.057342474848518	0.553355462960928
348	1.2613817235295153	0.12904088359814195	1.1323408399313732	3566.472800411481	364.85450273219254	3201.6182976792884	2.200194791463728	10.232358998979743	0.544103307161739
349	1.2445036155983789	0.12627606073980938	1.1182275548585694	3518.7510745168224	357.0371502699993	3161.713924246823	2.198065346565607	10.357268967926556	0.5373197162813164
350	1.2294095284710627	0.12397380640108543	1.1054357220699773	3476.073548608184	350.52767948449196	3125.545869123692	2.1985589524556293	10.438789269035466	0.5331772107920756
351	1.216037401434809	0.12215222577482139	1.0938851756599877	3438.2647501542165	345.3772816024386	3092.887468551778	2.2011173393034085	10.468129914089428	0.5318098489379931
352	1.203401558542151	0.12059168696722267	1.0828098715749284	3402.5377460710756	340.96496207420404	3061.5727839968717	2.1989837969743915	10.465185389637293	0.532434171467459
353	1.1929007461124208	0.11955162780541448	1.0733491183070063	3372.8473984037078	338.02426407437224	3034.8231343293355	2.201534631567408	10.414790601058376	0.5360840149507597
354	1.1838260453567193	0.11889075520465918	1.0649352901520601	3347.189286498834	336.15569081762976	3011.033595681204	2.2040833605565857	10.329767805101062	0.5422993571978107
355	1.1771131650871027	0.11847762394584026	1.0586355411412625	3328.2090646933243	334.9875897027233	2993.221474990601	2.2065934627745185	10.226395107948303	0.549612548531493
356	1.1715790300208633	0.11827953584995247	1.0532994941709108	3312.5616664320596	334.4275088065991	2978.1341576254604	2.2091017154363635	10.108342191135456	0.5583313588871692
357	1.1669343186628613	0.11831084338048274	1.0486234752823786	3299.42905445975	334.51602876372345	2964.9130256960266	2.2116081341609335	9.976020987201888	0.5687846460601483
358	1.163169161757133	0.11856778131745431	1.0446013804396785	3288.783324112566	335.24250366542003	2953.540820447146	2.2141127340755165	9.831639225241993	0.5810275532784553
359	1.1609709189445288	0.11915774650043974	1.041813172444089	3282.5679389887705	336.9105909216867	2945.6573480670836	2.221327635706779	9.671515558942758	0.5955604053043613
360	1.1589375844260108	0.11985354933994162	1.0390840350860693	3276.8188210816706	338.87792710172016	2937.9408939799505	2.2238317578458444	9.509565754124836	0.6115851931027081
361	1.158454502116323	0.12087163676842375	1.0375828653478993	3275.4529380299955	341.75650148914855	2933.696436540847	2.2310641895763514	9.336414613054744	0.630053699112675
362	1.1581287246229917	0.12199669498576146	1.0361320296372303	3274.531823868216	344.9375286565527	2929.5942952116634	2.2335678122127263	9.164046121685633	0.6502324321120804
363	1.1593438766140045	0.12343533201647867	1.0359085445975258	3277.9675851793813	349.00517903074774	2928.962406148634	2.240817695971646	8.984299617415276	0.6730699383123198
364	1.1614068444882413	0.12508139148810707	1.0363254530001342	3283.8004894258456	353.65930253984345	2930.1411868860023	2.2480837146016324	8.803417651761782	0.6982942360260138
365	1.1643380616054984	0.1264704591651959	1.0378676024403024	3292.0883105713324	357.58679886855657	2934.501511702776	2.255365845523828	8.638041240145627	0.7209088630980434
366	1.1676847616100225	0.12685807427710546	1.040826687332917	3301.5508819045162	358.6827547777525	2942.8681271267637	2.2626640653489076	8.510989732555709	0.7325602597407416
367	1.1711481958964884	0.127259268350336	1.0438889275461525	3311.3435116440132	359.8171042955649	2951.526407348448	2.2699783498745205	8.386758576286693	0.7444485444888113
368	1.1747278479286483	0.1276737821300391	1.0470540657986092	3321.4647393179903	360.9891143961792	2960.4756249218112	2.2773086740827133	8.26527850036148	0.7565764843796515
369	1.1791160400609677	0.12819025982535792	1.0509257802356098	3333.872060266882	362.4494206762001	2971.4226395906817	2.289480881634383	8.143651205982602	0.7692935610608069
370	1.1829380793228064	0.12862837817857342	1.0543097011442328	3344.6786216869336	363.6881711360783	2980.9904505508553	2.2968348393731577	8.027848530607468	0.781883126690124
371	1.1875490920408671	0.1291663065299334	1.0583827855109338	3357.7159529995356	365.2091277171895	2992.506825282346	2.30909623434153	7.911733359790907	0.7950819254736285
372	1.1927215147649133	0.12981103689732065	1.0629104778675926	3372.3406337075476	367.0320598843465	3005.308573823201	2.3236903884567863	7.792786150499737	0.8089707777958369
373	1.1977722405785889	0.13035647900420472	1.0674157615743842	3386.6212245079328	368.57426110869744	3018.046963399235	2.3387514146616804	7.684927270353922	0.8225692706702242
374	1.2027100133652737	0.1309222094266484	1.0717878039386253	3400.5824481485033	370.1738261938526	3030.4086219546507	2.3512149106533293	7.576815992874972	0.8365027332375422
375	1.2077564828126244	0.1314972792889558	1.0762592035236687	3414.8510043566293	371.7997979231059	3043.0512064335235	2.3637369137775623	7.471189358711545	0.8506869615796588
376	1.2134139859408943	0.13244242507987605	1.0809715608610182	3430.84721759552	374.4721346890997	3056.37508290642	2.376317500839451	7.359488259152187	0.8694389147137441
377	1.2206081469872145	0.13429310626472138	1.086315040722493	3451.1882287381954	379.70481246210187	3071.4834162760935	2.3889567451253457	7.23067357470742	0.8994371859721129
378	1.2281167772582293	0.13625701541582996	1.0918597618423993	3472.418380666343	385.2576347673984	3087.1607458989447	2.398962491127447	7.102010781881532	0.9313208074881598
379	1.235859104184703	0.1381984752268127	1.0976606289578903	3494.309294320853	390.7469830588792	3103.5623112619737	2.4092886771756006	6.983612542119992	0.9644287306156814
380	1.2445939454894361	0.1403316999358945	1.1042622455535416	3519.006476266753	396.77853382593605	3122.227942440817	2.422076514120395	6.863470934624999	0.9999312653177569
381	1.2520546894298836	0.1423181685406867	1.109736520889197	3540.101232785015	402.39514148379783	3137.706091301217	2.422159030604985	6.753635248654722	1.0363668142608304
382	1.2607081587151054	0.14447745568296877	1.1162307030321368	3564.5683407660813	408.50038204466364	3156.0679587214177	2.427374865775984	6.644568591896581	1.0752392135793698
383	1.2692528903365665	0.1466698556182881	1.1225830347182784	3588.728000246072	414.6992468221406	3174.0287534239314	2.4274402932410486	6.539280288086753	1.1160619099073996
384	1.2783553546523398	0.14896817210623992	1.1293871825461	3614.464611767669	421.1975835968969	3193.267028170772	2.42750146334917	6.43624237340958	1.1592401304258821
385	1.2880262610704445	0.15137381970473365	1.1366524413657109	3641.808455468674	427.99939193719536	3213.8090635314784	2.427558430495362	6.335473921759882	1.2048803216580233
386	1.2982773714336284	0.1538883812530846	1.1443889901805437	3670.792787175979	435.1091472157642	3235.683639960215	2.4276112452320375	6.236984658171354	1.2530931035194661
387	1.3091218934284221	0.15651361162523453	1.1526082818031875	3701.4549507434617	442.5318112217785	3258.923139521683	2.4276599573616378	6.140776006755164	1.3039963097243348
388	1.319346691126461	0.15907738273370425	1.1602693083927569	3730.364885142803	449.7807032536474	3280.5841818891554	2.427704618941726	6.053568396621406	1.3563610350868982
389	1.3282641125077426	0.16152098989188288	1.1667431226158598	3755.5783000931615	456.68983972040144	3298.88846037276	2.4226529550571594	5.975391831596039	1.4100979819693713
390	1.3383622879933725	0.1641287965103319	1.1742334914830406	3784.1302186214452	464.06323922345354	3320.066979397992	2.422696177381942	5.897724405201998	1.4671125740128157
391	1.349544690139185	0.16694585594140213	1.1825988341977829	3815.7477158091397	472.02828711549193	3343.719428693648	2.425164545636086	5.818398688090617	1.5279168616299612
392	1.360805403268053	0.16977654332163336	1.1910288599464196	3847.58663208499	480.0318671260013	3367.554764958989	2.4251983261798875	5.7435753587423815	1.591711518411423
393	1.3732117337446832	0.1728218751855012	1.200389858559182	3882.66470510004	488.6423401161445	3394.0223649838954	2.4276593649109195	5.667307867462879	1.6598169784177053
394	1.3862810360551374	0.17598565207557038	1.2102953839795672	3919.6172868135	497.58770852803906	3422.029578285461	2.430118625398984	5.592619460293538	1.7320502479649602
395	1.400052855627731	0.17927095605090493	1.220781899576826	3958.5561892897417	506.8766866783874	3451.679502611354	2.4325761104199115	5.5195059953537084	1.8088083932376888
396	1.414571847817097	0.18268109105663352	1.2318907567604636	3999.6076725694174	516.5186162519591	3483.0890563174585	2.4350318225175567	5.447959832175544	1.8905552323240065
397	1.4298874905241539	0.18621959362158103	1.243667896902573	4042.911632121564	526.523496548432	3516.388135573132	2.4374857668917578	5.377970214237783	1.977824059795884
398	1.446053514741234	0.18987394082132505	1.2561795739199089	4088.6199887478842	536.8559198331761	3551.7640689147083	2.439864557427472	5.310122308144199	2.07083824319558
399	1.4636697330799815	0.1937642874537182	1.2699054456262633	4138.428672653223	547.8556157933958	3590.573056859827	2.4447008115202604	5.241419621159683	2.1711241956284146
400	1.4817033974013287	0.19769293214450462	1.284010465256824	4189.417657267547	558.9635969626211	3630.454060304926	2.4470808505317305	5.176640806757419	2.2783546807684054
401	1.5062460449475412	0.20242047528769824	1.303825569659843	4258.810358375289	572.3304102899883	3686.4799480853007	2.451931116380804	5.097467678546411	2.3965649672707765
402	1.532035632555303	0.2072289261523848	1.3248067064029183	4331.728699446178	585.9259848104705	3745.802714635708	2.4594350095744315	5.02293786332068	2.5225119843659596
403	1.5590189631490852	0.21227309296776353	1.3467458701813215	4408.022269292708	600.1880304800782	3807.8342388126302	2.464310588058434	4.948797723013657	2.6580447703835226
404	1.587262627676782	0.21748381821409613	1.369778809462686	4487.879349384309	614.9210090184562	3872.9583403658526	2.4691977951646575	4.877059086530839	2.802999637175373
405	1.6167705315191623	0.22286570126678015	1.3939048302523822	4571.3109819249585	630.1379248531686	3941.17305707179	2.4740966493578274	4.807636014861205	2.9577538538393786
406	1.6475254780743487	0.22842325289900284	1.4191022251753458	4658.268544668347	645.8515318949317	4012.4170127734155	2.4790071690516795	4.7404456693427	3.1225469076950936
407	1.679483355373201	0.23416080433627656	1.4453225510369243	4748.627313960105	662.0740763953711	4086.5532375647344	2.4839293726096274	4.675408247364807	3.2974292437040695
408	1.7125665460739998	0.24008240269151934	1.4724841433824805	4842.167831936751	678.8170012966772	4163.350830640074	2.488863278345396	4.6124469110643025	3.482200318331101
409	1.746673982365298	0.2462895416313223	1.5003844407339757	4938.604336093723	696.3672731804637	4242.237062913259	2.4911522451673274	4.549677213221937	3.6772941577895955
410	1.7816137731127089	0.2525930322850082	1.5290207408277006	5037.394267030751	714.189973117096	4323.2042939136545	2.4961075385231477	4.490681265711234	3.8799149908545694
411	1.816654487240439	0.2591907597886197	1.5574637274518195	5136.469552102946	732.844608147256	4403.6249439556905	2.4931947670473944	4.431711775369076	4.091299047419411
412	1.8520664291588784	0.2659960351872932	1.5860703939715852	5236.594459025232	752.0860710255712	4484.508387999661	2.4902850438512214	4.374583073284592	4.307994161044317
413	1.8874743040872934	0.2728995710988003	1.6145747329884932	5336.707866804133	771.6053589586169	4565.102507845516	2.490034782729722	4.320899057324982	4.5263600934292505
414	1.918879271441716	0.2793713101081295	1.6395079613335866	5425.503320058327	789.90376991351	4635.599550144817	2.4871303394271833	4.272641152612305	4.742111634879857
415	1.9483370436493312	0.2857027942647319	1.6626342493845994	5508.793208741035	807.805619614942	4700.987589126094	2.484228890678545	4.227886567258866	4.956993625254221
416	1.9771742929573857	0.29221075770533733	1.6849635352520482	5590.328610259365	826.2064527362953	4764.122157523069	2.4813304177610904	4.184202216910552	5.170314123729554
417	2.0050595526817725	0.29889581408252947	1.706163738599243	5669.172324643584	845.1080043393737	4824.06432030421	2.4784349020976997	4.141561732129673	5.378896630159497
418	2.031719839316002	0.30588596430647175	1.7258338750095301	5744.552509213007	864.8721884712971	4879.680320741711	2.472889660346259	4.098412089437665	5.580490305372681
419	2.0567327054559787	0.31293139789711166	1.7438013075588672	5815.274722072527	884.7926826400353	4930.482039432492	2.4700007490351283	4.057808126559424	5.769171056430942
420	2.079892407416917	0.32015809558071284	1.7597343118362043	5880.757236658358	905.2256889572997	4975.531547701058	2.46711473743328	4.018171425571481	5.942701583153646
421	2.100946558357025	0.3274314542768559	1.773515104080169	5940.286445987271	925.7906261793534	5014.4958198079175	2.466882045562112	3.9809289790033553	6.096838049087294
422	2.120469011646997	0.335002926636592	1.7854660850104052	5995.484882239513	947.198459927338	5048.286422312175	2.4691783098026487	3.9432924028495493	6.23036529232933
423	2.1371788378823604	0.3425020165872622	1.794676821295098	6042.730802848915	968.4016372352091	5074.329165613706	2.471599674459955	3.9092136425830533	6.340416012784076
424	2.1525601550825555	0.3504587525407036	1.8021014025418518	6086.220452655715	990.8987781313059	5095.321674524409	2.4739068191109825	3.8733196466145867	6.428734817585943
425	2.1661573039688737	0.35862640919609506	1.8075308947727786	6124.665485401638	1013.9922832623654	5110.673202139273	2.4762211074658182	3.838286204151853	6.494455078273381
426	2.1782812481653386	0.367018219621861	1.8112630285434776	6158.94513001977	1037.7195682478794	5121.22556177189	2.478542546758392	3.8040907423119013	6.538879766153742
427	2.1893086256797774	0.3756490868711391	1.8136595388086383	6190.124305388719	1062.1227704778762	5128.0015349108435	2.480871144321281	3.7707113036284228	6.5641451029452975
428	2.199741171594699	0.3840285792829186	1.8157125923117803	6219.621634032819	1085.8152270993683	5133.8064069334505	2.4831059590746056	3.735948959047425	6.562936329026104
429	2.208709385844082	0.39153260523790084	1.817176780606181	6244.978662434332	1107.0323606306356	5137.946301803697	2.485452313296264	3.7046235527319653	6.5397275013065785
430	2.2186940437812295	0.39935891823341446	1.819335125547815	6273.209617655887	1129.1607393008956	5144.048878354992	2.4903867795709704	3.6728834248490343	6.511564909661408
431	2.2294924271129855	0.407761255104745	1.8217311720082405	6303.74132722701	1152.9177871100583	5150.823540116951	2.489980761488759	3.6393066203799287	6.482983510982843
432	2.2418328467426756	0.41659502899357054	1.825237817749105	6338.633041712774	1177.8946943474052	5160.738347365368	2.4922733874462084	3.6049519469473084	6.454574468241266
433	2.254380525451732	0.42536464116101136	1.8290158842907207	6374.1107674395535	1202.6901885914626	5171.42057884809	2.4946742704396914	3.573620932769911	6.425707654234873
434	2.268982499059072	0.43471610863123983	1.8342663904278322	6415.396875151011	1229.130839945741	5186.26603520527	2.496998388507678	3.5407431430090672	6.401671062320774
435	2.284934429464629	0.4443456102346015	1.8405888192300275	6460.499895786417	1256.357614291108	5204.142281495309	2.4993386460822444	3.508589746045744	6.38217393358954
436	2.302338502458013	0.45426351192901354	1.8480749905289997	6509.708752859118	1284.3998206830795	5225.308932176039	2.501695051208861	3.4771409049331368	6.368426597769698
437	2.321273230156945	0.46448009088510817	1.856793139271837	6563.245434152137	1313.2865171370377	5249.958917015099	2.5040676117901826	3.4463774284928386	6.361418230384753
438	2.3427575624776176	0.47536399359859016	1.8673935688790273	6623.990952679453	1344.0600270633927	5279.9309256160595	2.5063676921264935	3.4141762494219274	6.364360195710278
439	2.3649358621848555	0.4862169115692684	1.8787189506155872	6686.698617765886	1374.7459296934185	5311.952688072468	2.508773239226247	3.384756916321305	6.3731596514079
440	2.389582555614118	0.49754118132859093	1.8920413742855273	6756.385501677273	1406.7645481082595	5349.620953569014	2.513885452330069	3.35502233313021	6.391507447171323
441	2.415721114582004	0.5089686898552135	1.9067524247267904	6830.290536023313	1439.0750672607246	5391.215468762588	2.5218362476048455	3.327013541125094	6.417117030549311
442	2.4435505886014073	0.5207369766229123	1.922813611978495	6908.976520042676	1472.3491141899908	5436.627405852685	2.5298611800143647	3.299596157407064	6.451924877873682
443	2.4729241641279236	0.5328317270406263	1.9400924370872974	6992.028348218068	1506.546215343354	5485.482132874713	2.5407833391878745	3.273932175561258	6.496059801876611
444	2.5046887261958277	0.5465139442601361	1.9581747819356916	7081.84053157139	1545.2317731348228	5536.608758436567	2.548973323950855	3.2482005972523966	6.559661020115986
445	2.5383442299615986	0.560655017319835	1.9776892126417636	7176.999226616458	1585.2147152492266	5591.784511367232	2.5572397198981855	3.223020872038166	6.633378438762836
446	2.5739061269994568	0.575271693628571	1.9986344333708859	7277.548121650126	1626.5423938695092	5651.005727780616	2.56558325621738	3.198378726096794	6.717454315112918
447	2.6113890118251946	0.5903813472900055	2.021007664535189	7383.528481693626	1669.263933116453	5714.264548577174	2.5740046711664952	3.174260319743633	6.812095323781935
448	2.6511348725679023	0.6063066969892661	2.044828175578636	7495.90725540153	1714.2917985753938	5781.615456826136	2.5796075160548093	3.149643832873775	6.9200300665273415
449	2.6925246325668577	0.6224679763760448	2.070056656190813	7612.934044753438	1759.9867395100985	5852.9473052433395	2.5881715266845475	3.126543885328784	7.036461796198704
450	2.735885051305182	0.6391789473650551	2.096706103940127	7735.532740421844	1807.2358968341828	5928.296843587661	2.596815531014533	3.103928398301431	7.1639852700535975
451	2.7806721324675654	0.6566337351928653	2.1240383972747	7862.16522906177	1856.588146723018	6005.577082338752	2.5996639696197654	3.0816450793248995	7.304314918587535
452	2.8278078054568305	0.6749595381485304	2.1528482673083	7995.438204648349	1908.4031338660045	6087.0350707823445	2.5994844615437063	3.0591358971381446	7.458660832072751
453	2.876604380804462	0.6935763481801238	2.183028032624338	8133.407271017562	1961.0409241316822	6172.36634688588	2.602261417583613	3.0380446407759374	7.621859443427864
454	2.927922465673938	0.7132213858841607	2.2147010797897773	8278.505737597581	2016.5859596491293	6261.919777948452	2.6020779163621057	3.0164527601982725	7.8004138579558076
455	2.9813954573568267	0.7335714766843285	2.2478239806724982	8429.697059650369	2074.1244858310524	6355.572573819316	2.6018859702950436	2.9953094191740113	7.991530259696052
456	3.037064253002082	0.7546544334838	2.282409819518282	8587.096871140362	2133.735141808506	6453.361729331857	2.6016853705878367	2.9746036869539614	8.195500395967342
457	3.0949732248466515	0.7764991594412224	2.318474065405429	8750.830631611816	2195.499649337274	6555.330982274541	2.601475907274057	2.9543249530596727	8.412642209649315
458	3.1557060036947746	0.799567726902147	2.3561382767926276	8922.548518287038	2260.7244871949474	6661.82403109209	2.5982304982725934	2.9335804681453133	8.647320688545614
459	3.218267652527433	0.8230430731517009	2.395224579375732	9099.437413019266	2327.099464981215	6772.337948038052	2.5979900676673253	2.914137281705185	8.892059841955552
460	3.280318457201442	0.8462400688871367	2.434078388314305	9274.881929921148	2392.687425230234	6882.194504690914	2.5946879326059524	2.8942500117961973	9.141918075467343
461	3.3437120508810314	0.8698375381142341	2.4738745127667974	9454.123093290758	2459.4076976006786	6994.71539569008	2.5913506905103123	2.874747436429037	9.401859262898538
462	3.409977059040952	0.894747236297157	2.515229822743795	9641.482989833505	2529.8382099338273	7111.644779899678	2.584900621578339	2.8547832767193873	9.680296769016989
463	3.4779235811057347	0.9200240164757928	2.557899564629942	9833.597254933633	2601.306622157873	7232.29063277576	2.5814797403340095	2.8360219611880737	9.968292117770721
464	3.548216600560199	0.9461782194568114	2.6020383811033874	10032.346085098743	2675.2558889089705	7357.0901961897725	2.5780229640121375	2.8176126359668836	10.270890229057237
465	3.6220621506156268	0.9734472959588907	2.648614854656736	10241.13945889773	2752.35738627717	7488.782072620559	2.577543030428483	2.7988026637447763	10.590601437956675
466	3.6983989583968677	1.0016640940385195	2.696734864358348	10456.976697969369	2832.1385032764797	7624.838194692889	2.577039843810249	2.780338035714674	10.926006789332577
467	3.778466128914927	1.0310744198742052	2.7473917090407216	10683.361289193299	2915.294240503045	7768.0670486902545	2.5795534098785295	2.761473066083574	11.27977524777477
468	3.8611733238297976	1.061505541722849	2.7996677821069484	10917.210373542517	3001.33621045922	7915.874163083297	2.582070195052975	2.742944829408795	11.650434798011297
469	3.945715111441457	1.0923491310493552	2.853365980392102	11156.246646536441	3088.5444047338633	8067.702241802578	2.587793971713448	2.725496322405646	12.031978230174781
470	4.03383557212136	1.1248969211686477	2.908938650952712	11405.40137924908	3180.57111323028	8224.8302660188	2.590338235919992	2.707608851953227	12.437853451335199
471	4.125350741824332	1.157628435936488	2.967722305887844	11664.154425596871	3273.1172909322418	8391.03713466463	2.605658035618263	2.690045020155791	12.85260221171314
472	4.220828295903533	1.191620485819111	3.0292078100844217	11934.110849827019	3369.2275477047774	8564.883302122242	2.6243935783166084	2.672057237997234	13.287604694701534
473	4.3180401293779	1.2259324904383788	3.0921076389395212	12208.97083352358	3466.242455182425	8742.728378341155	2.6468069344751592	2.655067421048994	13.73321315907061
474	4.419236489517889	1.2615087775296607	3.1577277119882283	12495.096800950812	3566.832037133601	8928.264763817211	2.6729610806522697	2.6376078288889215	14.199600497049548
475	4.523161914514357	1.2981334160916238	3.225028498422733	12788.939017471901	3670.3857630355806	9118.55325443632	2.699678298457489	2.620399283394041	14.684784406022333
476	4.629808186274691	1.3358162156479847	3.2939919706267067	13090.474246977408	3776.9313686632445	9313.542878314163	2.726972430865766	2.6034350473657577	15.189157204117954
477	4.738472892879392	1.374122722569731	3.3643501703096614	13397.716466553848	3885.2404653202852	9512.476001233563	2.754857733478122	2.5866466946980213	15.708300445471172
478	4.844640091538326	1.4095892265046235	3.435050865033703	13697.89714877705	3985.51964270962	9712.37750606743	2.786955039095333	2.568795816838622	16.204496100230397
479	4.951339280780793	1.4448094219972933	3.5065298587835	13999.581998938358	4085.1023993856106	9914.479599552747	2.82348702790977	2.5518556927256344	16.7054567027097
480	5.06110263975582	1.4808933588892124	3.5802092808666073	14309.930584908712	4187.127327332636	10122.803257576077	2.864744149601897	2.5343770108862165	17.223592998972524
481	5.172751717254667	1.5184048007822724	3.6543469164723947	14625.610914394125	4293.188430581754	10332.42248381237	2.899466272847514	2.5171355537309275	17.76555850593542
482	5.28603538330554	1.5565636803572467	3.7294717029482936	14945.912934127551	4401.080120749515	10544.832813378036	2.9350436213447537	2.500088777324297	18.322866612490895
483	5.399043400658743	1.5941767377284748	3.8048666629302685	15265.435575529766	4507.428534994367	10758.007040535398	2.9754187653209887	2.4839151609690204	18.882013538171872
484	5.514493518528962	1.6324760928332906	3.882017425695671	15591.863093471204	4615.7174103654315	10976.145683105773	3.0210376162028187	2.467166164361274	19.457155490479394
485	5.630849974846901	1.67117182286469	3.9596781519822115	15920.853223000768	4725.127009438175	11195.726213562593	3.067961809239616	2.450580237241433	20.045143030639103
486	5.7478736555574805	1.7101945649422137	4.037679090615267	16251.729885055522	4835.461213288486	11416.268671767037	3.1162366854812933	2.4341513488985096	20.645312096791702
487	5.865299643132636	1.7494666978594071	4.11583294527323	16583.74404297149	4946.5005531255965	11637.243489845896	3.1659095511204205	2.4178735577240396	21.256878088872813
488	5.984038637710579	1.7890868781413942	4.194951759569185	16919.470640726126	5058.523973702611	11860.946667023514	3.2217471667474626	2.400969506459772	21.88113010160587
489	6.100167439300803	1.8272887648130882	4.272878674487714	17247.817091677556	5166.5372635715685	12081.279828105988	3.2838099576211137	2.3848653899132457	22.49694584736343
490	6.215441914794743	1.8653130150592154	4.350128899735528	17573.747992499917	5274.048298279912	12299.699694220006	3.347938648920897	2.368880031527015	23.119039237869146
491	6.330530452000875	1.9031796417909723	4.427350810209903	17899.15316519918	5381.113663000955	12518.039502198224	3.4194488792161826	2.352215294114602	23.74764897185606
492	6.442820338901934	1.9404590660573964	4.502361272844538	18216.645340583895	5486.518751865865	12730.12658871803	3.4881525904004347	2.3364413960358745	24.377500835768558
493	6.552100008182732	1.975678592538933	4.576421415643799	18525.626326163245	5586.099616957441	12939.526709205804	3.5753553260361097	2.319823498831494	24.990163677745883
494	6.657398551626376	2.009895868096956	4.647502683529421	18823.350943627876	5682.846684324489	13140.504259303387	3.6602670190888293	2.304082879844927	25.598361404405573
495	6.757000811612638	2.041308258340259	4.71569255327238	19104.96969905628	5771.66312530254	13333.30657375374	3.7597786315950694	2.288262216829823	26.179101746813636
496	6.852855481737663	2.0716324301785125	4.7812230515591505	19375.992393785626	5857.402701228467	13518.589692557158	3.863572201740403	2.2725166721922974	26.753396540509726
497	6.946209758127457	2.1009621569342034	4.845247601193254	19639.94539178426	5940.330549925193	13699.614841859066	3.9773954897358834	2.2577566077159665	27.321766463749896
498	7.033456215165866	2.1281739378673623	4.905282277298504	19886.6289374195	6017.270047888829	13869.358889530671	4.103398541173383	2.242196234028938	27.869955939849675
499	7.109845397091021	2.1509830522902353	4.958862344800786	20102.614260894323	6081.761299564038	14020.852961330285	4.241436939720538	2.2273607599705487	28.36767724458011
500	7.177960447420104	2.171140310005775	5.006820137414329	20295.205028435794	6138.754603044128	14156.450425391666	4.386407468551231	2.2125544849055427	28.836607224525288
501	7.226356814697476	2.1817644323107976	5.0445923823866785	20432.042533144915	6168.793601169997	14263.248931974918	4.566098287841871	2.19902520983772	29.185125763910595
502	7.260838616351726	2.1867869276347203	5.074051688717006	20529.537530428493	6182.994372141088	14346.543158287404	4.762671508327475	2.1862882903774388	29.4627132241386
503	7.284101593420153	2.1878981999152134	5.09620339350494	20595.31204850141	6186.13642049037	14409.175628011042	4.980345371061703	2.1726966024189798	29.690345693849594
504	7.292746450377003	2.183330712181867	5.109415738195136	20619.754805697692	6173.222153172772	14446.53265252492	5.2086640652490015	2.1608804873193206	29.84298676440056
505	7.289183474955605	2.1745496713244874	5.114633803631118	20609.680730029784	6148.394345069198	14461.286384960586	5.461919893980548	2.148208329222449	29.938826098589942
506	7.273800376906198	2.16189118300006	5.111909193906138	20566.186044990463	6112.603312536182	14453.58273245428	5.731819152806312	2.1356116546434087	29.98117613703189
507	7.246640043337845	2.145398012795005	5.101242030542839	20489.392011023814	6065.969972420637	14423.422038603177	6.019733068707006	2.12308769392392	29.969414643869417
508	7.203951661650673	2.1227697812182127	5.08118188043246	20368.693455351964	6001.990154943795	14366.70330040817	6.335527997738529	2.111529559758656	29.870319889996157
509	7.149921073149371	2.096480608609922	5.053440464539449	20215.92556543762	5927.659270562151	14288.26629487547	6.673177137874251	2.1001080361324846	29.71663223477105
510	7.0790391472352985	2.063492409682023	5.015546737553276	20015.51164148607	5834.38733549581	14181.124305990263	7.0597494900391204	2.0887161612456246	29.464249014714927
511	7.00641654714306	2.0333115393479413	4.9731050077951195	19810.17607724514	5749.052935027362	14061.12314221778	7.464892128520041	2.073347991227444	29.246267587390715
512	6.921512378943785	1.998305583335485	4.9232067956083	19570.115197278545	5650.075926210803	13920.03927106774	7.893397138818055	2.060057278604085	28.9541313786276
513	6.8303877660284344	1.9626252011793022	4.867762564849132	19312.466424232076	5549.192022397577	13763.2744018345	8.345051999784232	2.045688408522458	28.646175810679598
514	6.726258278753919	1.9217597566283262	4.804498522125593	19018.047235212754	5433.647700049252	13584.399535163502	8.843323186794754	2.0323784452875127	28.256506189289293
515	6.616769798471893	1.879449842983246	4.737319955488647	18708.475850436702	5314.01923755599	13394.456612880713	9.357122800236132	2.0203308705322276	27.838208319689308
516	6.5032822839235225	1.8361110593966652	4.667171224526857	18387.59746265531	5191.481713837982	13196.115748817328	9.88382889950905	2.0096534507106014	27.39687445840032
517	6.384849308656485	1.7907062965463816	4.594143012110104	18052.736114117775	5063.102771370388	12989.633342747387	10.449383201108166	1.9988320723113298	26.916833650027552
518	6.2601997005828895	1.7413255297016623	4.518874170881228	17700.297650420605	4923.481942457188	12776.815707963418	11.069316999992072	1.9890856920466469	26.368787995193358
519	6.138489570014726	1.6943678231938128	4.4441217468209135	17356.17036356625	4790.71215524215	12565.458208324098	11.688811834129542	1.9796215278130433	25.847649772456045
520	6.010526256079007	1.6443886577602842	4.366137598318723	16994.362617275736	4649.399394179481	12344.963223096256	12.364742711559565	1.9719728533748235	25.271366231107177
521	5.898539554073258	1.598618983434208	4.29992057063905	16677.727676986826	4519.988688821481	12157.738988165343	12.899358238201248	1.973631587589071	24.749587161722598
522	5.790576335030005	1.5543123104395757	4.2362640245904295	16372.468866763054	4394.714522275034	11977.754344488021	13.41248770719096	1.9776948386643045	24.24124947194676
523	5.680551915638094	1.5082872111904047	4.172264704447689	16061.382149853654	4264.581619961291	11796.800529892364	13.952747952302163	1.9846362987084691	23.697328795095103
524	5.571516734323864	1.4627323767386473	4.1087843575852165	15753.092437714002	4135.778360037065	11617.314077676936	14.506980906160988	1.9929728623862417	23.151411200975566
525	5.470494599574132	1.421098751439029	4.049395848135103	15467.459080972258	4018.062057791833	11449.397023180425	15.014835713144198	2.002238643959435	22.657972887038007
526	5.372130603837022	1.3781474450865991	3.9939831587504226	15189.341435225359	3896.620100142842	11292.721335082517	15.497980547643385	2.018570546004944	22.135092017921195
527	5.27796255181559	1.3378587460801445	3.9401038057354456	14923.087540835306	3782.706487403611	11140.381053431694	15.971800378140337	2.0346041071830547	21.645887554047594
528	5.186214996509812	1.298478020242052	3.8877369762677603	14663.677439675195	3671.3601083162243	10992.31733135897	16.44442390766584	2.0524806847591854	21.162938098472388
529	5.105987495882798	1.2619083997700566	3.844079096112741	14436.839525748068	3567.9619423987756	10868.877583349293	16.80562268116872	2.077437052225057	20.71736769461257
530	5.02408979208394	1.2249026309445814	3.7991871611393586	14205.279223607738	3463.330596064476	10741.948627543263	17.210285867438092	2.1033449658627292	20.257013245018832
531	4.940480133112356	1.1874035692833713	3.7530765638289845	13968.87848225289	3357.304497096244	10611.573985156647	17.660688344964274	2.1305306555663988	19.780710736710045
532	4.860344366471133	1.151124599448777	3.709219767022356	13742.299940060024	3254.7281264952944	10487.57181356473	18.097880752505038	2.160439913253922	19.31662145202734
533	4.783819361205872	1.1160956510060966	3.667723710199775	13525.930585138485	3155.6861081138436	10370.244477024642	18.519225191557435	2.1932478162701106	18.865608495084803
534	4.7110333174667955	1.0823437928677548	3.6286895245990407	13320.132894873392	3060.254977498666	10259.877917374726	18.922095917820382	2.2291313420220837	18.428505725713368
535	4.642107750118151	1.0498940083886728	3.592213741729478	13125.250444449084	2968.5053734216153	10156.745071027468	19.303923059929193	2.268266624784841	18.006129391448788
536	4.577159460139347	1.0187699640772452	3.5583894960621016	12941.613480854516	2880.5042113587097	10061.109269495806	19.66223799580633	2.3108255166291247	17.599290184905414
537	4.516302464673055	0.9889947698289115	3.5273076948441435	12769.544379965711	2796.316832999913	9973.227546965798	19.994719069079373	2.3569713447818716	17.208805696167833
538	4.459649887656046	0.9605917340743854	3.499058153581661	12609.362992178503	2716.009141380452	9893.353850798052	20.299236049500852	2.4068537881970906	16.83551332234696
539	4.412737200246965	0.9354919686702385	3.477245231576726	12476.72049346643	2645.0412266400067	9831.679266826422	20.507099373654746	2.4605587449622996	16.513513198243444
540	4.366066711893166	0.9105588522241465	3.4555078596690194	12344.762796449862	2574.5445007276794	9770.218295722183	20.75033795577527	2.518492683121389	16.18891168743416
541	4.32260561771412	0.8876184532143054	3.4349871644998147	12221.879447678984	2509.6820506279178	9712.197397051066	20.979713946535266	2.5758644528852113	15.8940099163652
542	4.28508544177005	0.8655326616141944	3.419552780155856	12115.793649482426	2447.235946052256	9668.55770343017	21.158927947355426	2.641775402585003	15.609250240763929
543	4.250427440911642	0.8452674021841212	3.4051600387275203	12017.800460686029	2389.9372749185077	9627.863185767521	21.326668822800233	2.706773664036756	15.352223588436004
544	4.220258452368221	0.8263553278851964	3.393903124483025	11932.49965518921	2336.464644605026	9596.035010584184	21.46364732049987	2.775468542586813	15.115140039613177
545	4.20010769338243	0.810838515858987	3.3892691775234427	11875.52472643459	2292.59189220322	9582.932834231371	21.50607498581779	2.845901075619966	14.93559742240079
546	4.179340825136627	0.7947806368371827	3.3845601882994445	11816.80778978742	2247.1893089127993	9569.61848087462	21.582043777329616	2.921263332079432	14.742798804681389
547	4.16883227936733	0.7822408124946363	3.386591466872694	11787.095576617558	2211.733790884134	9575.361785733423	21.566518161072064	2.9971801731314196	14.611334461900118
548	4.16335397313763	0.7712779695844539	3.392076003553176	11771.60603067275	2180.737082809955	9590.868947862795	21.523909323150182	3.0751670529846575	14.506500767629676
549	4.159486151117102	0.7616971737375116	3.397788977379591	11760.670021552176	2153.648020746487	9607.02200080569	21.487261718340154	3.1495386388037736	14.425242263387343
550	4.164230392155848	0.7539642779847207	3.4102661141711277	11774.084047066941	2131.7837731073378	9642.300273959603	21.395188076307008	3.230408724476723	14.376848489557679
551	4.175326894964587	0.7495649930380026	3.4257619019265846	11805.458669600965	2119.345087964646	9686.113581636318	21.259510421670075	3.302613472030233	14.390189331467024
552	4.19616030217638	0.7488164018366609	3.447343900339719	11864.363740742196	2117.2284962078365	9747.135244534358	21.05502207242723	3.3698568363686983	14.47262137081866
553	4.2170224527037234	0.747733286657069	3.4692891660466545	11923.350081693505	2114.166060185759	9809.184021507746	20.888729157363656	3.44044950333297	14.548991618695249
554	4.247543942673295	0.7504209589748724	3.497122983698423	12009.647561492025	2121.76527463374	9887.882286858287	20.660097889572157	3.504476097840986	14.698617782791533
555	4.282936657936968	0.7549239478212165	3.528012710115752	12109.718106328679	2134.4971756447244	9975.220930683954	20.422297669841377	3.566078904163352	14.884906975942886
556	4.319114261831893	0.7593578505326349	3.559756411299258	12212.007871487378	2147.033740211156	10064.974131276222	20.220585591415517	3.6305700987085703	15.071623191111401
557	4.364601450853077	0.7677387902561529	3.596862660596924	12340.619868462642	2170.7302890101805	10169.889579452461	19.96607600715074	3.6863457063072067	15.338097927011933
558	4.415052075510384	0.778161195757371	3.636890879753013	12483.26564907581	2200.198946310005	10283.066702765806	19.705883867816333	3.7385465417612007	15.648044457424946
559	4.473758830290926	0.7925372115344809	3.681221618756445	12649.255087656995	2240.8461733079384	10408.408914349056	19.40262576869885	3.7806420251608372	16.040621005943297
560	4.533662544048083	0.8072080642256835	3.726454479822399	12818.628848013002	2282.3270320408606	10536.301815972141	19.135893086836017	3.824764133093098	16.443692010294008
561	4.605378472768091	0.8259694637575911	3.7794090090105	13021.400859343936	2335.373639487314	10686.027219856622	18.832980700783263	3.8669148429096096	16.934490846270794
562	4.682140895401213	0.8473640178050548	3.834776877596158	13238.441496058309	2395.8653159274218	10842.576180130887	18.528992978727512	3.903957484252941	17.48495751738053
563	4.7636250353807945	0.8714464811864119	3.8921785541943827	13468.83247404785	2463.9568769627167	11004.875597085133	18.224831948428623	3.9358309244327763	18.097364780241556
564	4.848168526816496	0.8976990568492498	3.9504694699672456	13707.873564490757	2538.18428591888	11169.689278571877	17.92131215287495	3.962264716076147	18.762174387398876
565	4.934464393333978	0.9257503305405113	4.008714062793467	13951.869378748595	2617.4973937359537	11334.371985012642	17.61916433669133	3.9832191350548207	19.472614885570394
566	5.023459722669824	0.9552091424061596	4.068250580263665	14203.497744309365	2700.7902219824978	11502.707522326868	17.34549785109124	4.005405871186879	20.22127426474192
567	5.115234260980181	0.9884343568218555	4.126799904158325	14462.984138117534	2794.7323025525643	11668.25183556497	17.04652938717544	4.016562944900652	21.05870970337139
568	5.208073618821599	1.0240124146942926	4.184061204127307	14725.481238220269	2895.3268912695007	11830.154346950769	16.750735955401993	4.02318280696918	21.956507394386623
569	5.3008163538288695	1.0617583664529069	4.239057987375963	14987.70514369567	3002.0510555423566	11985.654088153313	16.458556186505238	4.025523620472235	22.911794923458743
570	5.392131343022206	1.1014242223948438	4.290707120627363	15245.892192986845	3114.2036210053425	12131.688571981502	16.17036795536009	4.023867625333272	23.920242923478618
571	5.472331561180304	1.1393358798092266	4.332995681371077	15472.652967550444	3221.396306981937	12251.256660568508	15.913732298783053	4.019269610500112	24.902938457492972
572	5.552247268412163	1.1783995579632067	4.373847710448956	15698.609306421884	3331.846254861603	12366.763051560281	15.67933831258425	4.016735882754838	25.922781811710916
573	5.631104180833005	1.2217857034532336	4.409318477379772	15921.571973493365	3454.5176912067445	12467.05428228662	15.402412518842926	4.005016550098414	27.050189702629908
574	5.699857375155744	1.26255136674986	4.437306008405884	16115.967050668998	3569.779888705001	12546.187161963997	15.172885819996983	3.996403450920597	28.13323996783032
575	5.755141350151463	1.3026626477876435	4.45247870236382	16272.278807406014	3683.1918639559403	12589.086943450073	14.929423087422151	3.9806399453302554	29.214745267919938
576	5.7998729901105825	1.341930951781044	4.457942038329539	16398.754539736747	3794.220377766078	12604.534161970669	14.69004099591611	3.9628447978578616	30.29027219455398
577	5.832521813434903	1.3797757539766036	4.4527460594583	16491.06691289038	3901.224035064794	12589.842877825586	14.454843322913002	3.943248705059702	31.346404747425286
578	5.846718153836046	1.4122633455247633	4.434454808311283	16531.20611973126	3993.0805361112657	12538.125583619996	14.247005755206255	3.9237266584059878	32.29302090805439
579	5.851991427808343	1.4456147870430718	4.406376640765272	16546.115950625823	4087.379515405759	12458.736435220064	14.019806917447033	3.901234375926095	33.27037122076674
580	5.841740728606925	1.4758309302644874	4.365909798342438	16517.13278145102	4172.813647613553	12344.319133837465	13.796983966293109	3.8775501682121423	34.186652100789686
581	5.807347995905281	1.5001509438252454	4.307197052080036	16419.889620697893	4241.576865957467	12178.312754740426	13.566931593615898	3.849587819702934	34.97637502614417
582	5.756512389180638	1.5200882322093667	4.236424156971271	16276.155328933668	4297.948220805518	11978.20710812815	13.342509785265754	3.8211485488263635	35.672277411327464
583	5.690780699923116	1.5377804456845536	4.153000254238562	16090.303356062137	4347.971775896968	11742.33158016517	13.103719566257412	3.7906212194678846	36.32269671804774
584	5.607973049387579	1.5480281877652986	4.05994486162228	15856.17024013701	4376.946584010045	11479.223656126964	12.891027099185777	3.7616633359271474	36.803454328386316
585	5.5110303463210055	1.55343859216067	3.957591754160336	15582.071204741236	4392.244142041348	11189.82706269989	12.683619230259108	3.73258535095997	37.17327905861576
586	5.39420203654517	1.5514768482756522	3.842725188269518	15251.746940990466	4386.697441881692	10865.049499108774	12.472460472267349	3.701052131561416	37.36906960881661
587	5.2735709520265255	1.5475201205885716	3.726050831437954	14910.670584963958	4375.510057911102	10535.160527052856	12.275733038078917	3.6721374781665546	37.51728132862587
588	5.139052051374315	1.535431748554619	3.603620302819696	14530.327353911794	4341.330991212949	10188.996362698846	12.093243011907726	3.642896897063424	37.467708346539084
589	5.001824092605138	1.5233639655371733	3.4784601270679643	14142.32444148906	4307.2101385874985	9835.114302901562	11.90615117660489	3.614373445617883	37.416031543135226
590	4.8530659629419555	1.5052547212474403	3.347811241694515	13721.72073890861	4256.007456647079	9465.713282261531	11.71641967026881	3.5841499707053703	37.21285686354536
591	4.706255889712748	1.4831461448267753	3.2231097448859733	13306.62503613174	4193.496929509039	9113.128106622702	11.547925630828574	3.5558270583570892	36.90590764913953
592	4.564166438051071	1.4608525191280446	3.1033139189230265	12904.876576388104	4130.4631878637265	8774.413388524377	11.390333295324512	3.529523516638775	36.588417120436894
593	4.416971776074863	1.4344804709837995	2.982491305091064	12488.693474547226	4055.8979784246576	8432.79549612257	11.229854810277883	3.5018623611608883	36.16240353339323
594	4.270506102178637	1.406633304896724	2.863872797281913	12074.57153794331	3977.161971262451	8097.409566680859	11.073363882187108	3.4746697447053196	35.69165602348465
595	4.128783260818141	1.3794416944983323	2.749341566319808	11673.859644405704	3900.279504142275	7773.580140263429	10.92658256052925	3.4494115145724193	35.22962366289586
596	3.985848980191712	1.3494537746929403	2.636395205498772	11269.722487039786	3815.490658440921	7454.231828598865	10.777468878775508	3.4230977410958316	34.68812865894564
597	3.8458549027024977	1.3188656912678356	2.526989211434662	10873.89855819221	3729.0048900827906	7144.893668109419	10.632014122992205	3.3972709008454167	34.122346263743594
598	3.711420088394637	1.2893934564410534	2.4220266319535835	10493.793075677555	3645.674109307768	6848.118966369787	10.495218280964703	3.3731709504654694	33.57644168204651
599	3.5783702716637587	1.2581804418851201	2.3201898297786387	10117.603581554678	3557.4213898049875	6560.182191749691	10.356544919024387	3.3482531936474236	32.97628678946252
600	3.449436089792962	1.2269974599011009	2.222438629891861	9753.050770848964	3469.253585398772	6283.797185450192	10.221226591432075	3.3238227176354944	32.36748541349022
601	3.321931757945399	1.1958727351442275	2.1260590228011713	9392.540765839103	3381.250499421694	6011.290266417409	10.076830367732397	3.298581944212616	31.750724786821557
602	3.200212382190758	1.1660941816384987	2.0341182005522596	9048.387338835819	3297.0536229863783	5751.3337158494405	9.940504071860655	3.2748828039575657	31.160255676788058
603	3.0819304366519864	1.1355321870929798	1.9463982495590066	8713.953016794598	3210.64161919745	5503.311397597148	9.803408647844325	3.2506758590109346	30.539621439746515
604	2.9684394132444822	1.1054690670937442	1.862970346150738	8393.064707947735	3125.6401499572216	5267.424557990513	9.669884725877013	3.2270035472404346	29.922932100073627
605	2.860298993946151	1.0768326592405875	1.7834663347055635	8087.304875806353	3044.6726142742114	5042.632261532142	9.54352506746788	3.2046960762512384	29.335556835324773
606	2.7561216462466764	1.0479301381935204	1.708191508053156	7792.750364623529	2962.95266126169	4829.797703361839	9.41663568875298	3.1820191949059415	28.731921883892
607	2.656546415145166	1.0197301820674312	1.6368162330777347	7511.208031566319	2883.2191637641417	4627.988867802177	9.29298782710083	3.1598495898516092	28.138448599765457
608	2.5614454470446097	0.9922685381618364	1.5691769088827734	7242.316379105732	2805.5731948897574	4436.743184215975	9.17247644920523	3.1381763301467434	27.556424339918227
609	2.470821757238421	0.9661683914844688	1.504653365753952	6986.083932783041	2731.7767687364467	4254.307164046594	9.058096539011421	3.1176626964288996	27.003520586678246
610	2.3841463471118667	0.9401969131862228	1.4439494339256438	6741.0149842526225	2658.344143854274	4082.6708403983484	8.943425777370335	3.096913613759528	26.445848972668887
611	2.303205762724726	0.9152326831004258	1.3879730796243004	6512.160873493509	2587.7594461982158	3924.401427295293	8.841053559123491	3.077605492298625	25.908187146423288
612	2.2242932060050586	0.8908318795414051	1.3334613264636537	6289.040875873662	2518.767799515779	3770.273076357883	8.73175101742197	3.057746323957749	25.37841595518665
613	2.150489574807517	0.8678480968836089	1.2826414779239081	6080.3660248530605	2453.7826850412857	3626.5833398117747	8.636730194783961	3.039800973495708	24.881151377127818
614	2.080071900568168	0.845162303661179	1.2349095969069888	5881.2647415871625	2389.640115845687	3491.6246257414755	8.541160428252649	3.021661886648074	24.38494302075933
615	2.0128355315373487	0.823223463390974	1.1896120681463747	5691.158386886017	2327.6095063666467	3363.5488805193704	8.447695513530308	3.003895757229974	23.902877681631637
616	1.9486287901176333	0.8020144859978628	1.1466143041197705	5509.618102446411	2267.642535555132	3241.9755668912794	8.356275949839185	2.986493700668446	23.434808958219243
617	1.8873042904126045	0.7815166346034044	1.1057876558092001	5336.227164463862	2209.6862261354463	3126.540938328416	8.26684411085794	2.9694469285964615	22.980533392687718
618	1.8287617414522974	0.7617198391742754	1.067041902278022	5170.702006901352	2153.712105759152	3016.9899011422003	8.179466421561948	2.952783615110427	22.54009278170073
619	1.773886041800599	0.7427632217753499	1.0311228200252491	5015.5446215036145	2100.113532797513	2915.4310887061015	8.10182440997815	2.9372461343872525	22.117948554468352
620	1.7199671539204038	0.7241658787879248	0.995801275132479	4863.092557654877	2047.530784302487	2815.56177335239	8.01796773724305	2.921289853038215	21.700165742098445
621	1.6660983879684497	0.7053936898505472	0.9607046981179025	4710.7822102195305	1994.4536705307682	2716.3285396887622	7.9434226740172615	2.9069678059963984	21.270830396166563
622	1.6146404912052132	0.6872942296830435	0.9273462615221697	4565.288434823022	1943.278652544215	2622.0097822788066	7.870291376405782	2.8929288449661836	20.85543782257203
623	1.564910399370776	0.6695079668721863	0.8954024324985898	4424.679912770549	1892.9891792209492	2531.6907335496	7.789523321952309	2.8781086235405495	20.443390732386693
624	1.5179536323661984	0.6526975725899233	0.8652560597762751	4291.912781938431	1845.4589091579544	2446.4538727804766	7.719321093546301	2.864648000515702	20.05508893565455
625	1.4730432820266066	0.636482538113835	0.8365607439127716	4164.931757911127	1799.6119792889488	2365.319778622178	7.65042594396517	2.8514500416907644	19.67933187141086
626	1.4303588803493497	0.6206881115762519	0.8096707687730977	4044.244455452195	1754.9542903486274	2289.2901651035672	7.581205256186417	2.8382054142222963	19.31100535647921
627	1.3892248849016324	0.6056038646695884	0.783621020232044	3927.940823331985	1712.3045870084095	2215.6362363235758	7.514886708385314	2.8255272597858974	18.959331869692754
628	1.3504563644878318	0.5911573027989188	0.759299061688913	3818.325414301697	1671.4578956301361	2146.867518671561	7.456341884131788	2.8137246734482577	18.622408061674733
629	1.3129592186738117	0.5769756231065679	0.7359835955672438	3712.304732263777	1631.3601409667883	2080.9445912969886	7.39084687756393	2.8012456539111876	18.288804537025815
630	1.2767456556036756	0.5634060123325114	0.7133396432711642	3609.913294932472	1592.9929703989244	2016.9203245335477	7.3280111622543025	2.789279741515382	17.969657616470908
631	1.2420182467951546	0.5502986417217149	0.6917196050734397	3511.723859780519	1555.932753102043	1955.791106678476	7.266305581738541	2.7775412378977142	17.660504068239806
632	1.208969808844161	0.5375378877497682	0.6714319210943928	3418.281602889005	1519.8525712627618	1898.4290316262434	7.204393483898043	2.7657869642036292	17.357865261059292
633	1.1769864942883466	0.5253053398243698	0.6516811544639768	3327.8509114476074	1485.2658568353568	1842.5850546122506	7.144914636843357	2.754497250854694	17.067782127395873
634	1.1465321544817855	0.5133960163682479	0.6331361381135375	3241.7432942620094	1451.5930380642776	1790.1502561977318	7.085259587265034	2.7431991839991574	16.783867521567025
635	1.117020940687513	0.5019661075547813	0.6150548331327316	3158.302303052865	1419.2757322606485	1739.0265707922167	7.027900934837964	2.7323365198366667	16.51139339109049
636	1.08865603671841	0.49090977706596367	0.5977462596524463	3078.102426516663	1388.0146942852512	1690.0877322314118	6.9715439544349875	2.721675372153072	16.24713093929439
637	1.0616229402105566	0.48014419212277265	0.5814787480877839	3001.6681468630927	1357.5757199730378	1644.0924268900549	6.9150548666147325	2.7110158169682608	15.988530872159634
638	1.0353784030485746	0.469794424658614	0.5655839783899607	2927.4634662326407	1328.3124418844507	1599.15102434819	6.8606710570648906	2.7007517240943293	15.739908094336068
639	1.0103499727133955	0.45971522223223305	0.5506347504811625	2856.6972466479465	1299.8141684173643	1556.8830782305822	6.806179014736301	2.690494412820329	15.496616192425735
640	0.9860235443240772	0.4500148377897941	0.5360087065342831	2787.9158908035815	1272.3869775661376	1515.528913237444	6.753676396677314	2.6806085272781384	15.262444576492886
641	0.9625901630483078	0.44061752435914864	0.5219726386891592	2721.6595661853285	1245.8166998126608	1475.8428663726677	6.702064325221351	2.6709015949570203	15.035027819503469
642	0.9402207580443088	0.43146322436122464	0.5087575336830842	2658.4115636021643	1219.933526352649	1438.4780372495152	6.650379098246941	2.6612084505211806	14.812475942146847
643	0.9184431535884385	0.4226393966080664	0.49580375698037216	2596.8368376479525	1194.9847411513717	1401.8520964965808	6.600521027427481	2.651853701437154	14.597918407169756
644	0.8976402257834745	0.41404171560044095	0.4835985101830335	2538.017944999242	1170.6753708090537	1367.3425741901883	6.550608607788352	2.6425163230552786	14.387930620271948
645	0.8773671134937615	0.4057463144890316	0.4716207990047299	2480.697070427955	1147.220676737888	1333.4763936900672	6.502424882691354	2.6334974258537205	14.185276928244575
646	0.8577973079430603	0.3976982707183901	0.4600990372246702	2425.3647488127176	1124.465369070833	1300.8993797418846	6.455035297439569	2.624637846440098	13.988202687543737
647	0.8390844733400046	0.3898535154928581	0.44923095784714645	2372.455455467597	1102.284846223666	1270.170609243931	6.407619349932549	2.615800525575671	13.795290593096514
648	0.8208220635427022	0.3822740553874379	0.43854800815526424	2320.8197082571505	1080.8544276568373	1239.9652806003132	6.361793738671226	2.6072542176757403	13.60884238140244
649	0.803347377362368	0.3748839872695749	0.42846339009279316	2271.4111971020184	1059.9595023190914	1211.451694782927	6.315956589690544	2.598732594899066	13.42630238630389
650	0.7862782256665397	0.36773756890416087	0.41854065676237884	2223.1493076884567	1039.753480426454	1183.3958272620027	6.2716257542346545	2.5904853956725047	13.249714603597544
651	0.7697690543573125	0.3607944729569708	0.40897458140034165	2176.4707255167255	1020.1223391276787	1156.3483863890467	6.228005172609705	2.5823804242039805	13.077761804400295
652	0.7537955673225902	0.3540471046249953	0.39974846269759495	2131.30675494828	1001.0446046231598	1130.26215032512	6.1850797281726715	2.5744146097860416	12.910280070007387
653	0.7382081563738078	0.3474902898781589	0.3907178664956489	2087.2343887956176	982.5056476875104	1104.7287411081072	6.137988060241021	2.5660413175082972	12.747191827848184
654	0.7229398339478792	0.34125805747391924	0.38168177647395995	2044.0642241862738	964.8844257045492	1079.1797984817244	6.096499847338038	2.5581581119121606	12.593521326848682
655	0.7081438220521089	0.33519114224703245	0.37295267980507646	2002.2294861395128	947.7306270284836	1054.498859111029	6.055661499633655	2.5504029250644433	12.443579356464662
656	0.6939438958224872	0.32926419604264945	0.3646796997798377	1962.0801406074659	930.9725814399632	1031.1075591675026	6.014860685528841	2.5426775021011916	12.296516086493837
657	0.6800318969693493	0.32351209208172	0.3565198048876293	1922.744890553075	914.7088906482566	1008.0359999048185	5.975302043243199	2.535173968784636	12.153709246374609
658	0.666798616639827	0.31791858747340734	0.34888002916641964	1885.3286719135656	898.8936289614904	986.4350429520752	5.939646183168468	2.528024054887667	12.014647990133366
659	0.653695492118834	0.31245874164045767	0.34123675047837637	1848.2804601527641	883.4562785588157	964.8241815939484	5.901251976713982	2.520754981880954	11.878479185470658
660	0.6411055224437597	0.3071221919384048	0.33398333050535495	1812.6831595366455	868.3675397532782	944.3156197833673	5.862913631767742	2.5135179711593927	11.744882611109386
661	0.6291155644651268	0.3019317368707193	0.32718382759440756	1778.7823520243744	853.6918737947924	925.090478229582	5.8283754193934225	2.5066336399219837	11.614797441180416
662	0.6173379146541984	0.29688598276691835	0.32045193188728005	1745.4818317140653	839.425340172903	906.0564915411622	5.7948509030567035	2.4999366402399508	11.48825348161846
663	0.6059030028608121	0.29192986894852774	0.3139731339122844	1713.1503803179705	825.4122584869133	887.7381218310572	5.75772691184041	2.492972379442309	11.36320390665377
664	0.5947682709746337	0.2871313313065012	0.3076369396681325	1681.6676676139912	811.8447129431651	869.8229546708261	5.725198771168624	2.4864843881588876	11.242339117106418
665	0.5840467291024543	0.28243764143917327	0.301609087663281	1651.3532221512764	798.5736174982814	852.7796046529951	5.692647621312859	2.480021327635159	11.123688789578964
666	0.573611278875971	0.2778581030379366	0.29575317583803434	1621.8476817596968	785.6252777199397	836.2224040397571	5.660560266821798	2.473657653044456	11.007677506463825
667	0.5634517459192883	0.27338898194923006	0.2900627639700582	1593.1222790691409	772.9891355376843	820.1331435314565	5.628927544243443	2.4673913118804354	10.8942226821219
668	0.5536402242369477	0.26904454709444586	0.28459567714250184	1565.3808550751405	760.7055353762738	804.6753196988667	5.601067022136486	2.4614861075777084	10.783956078075756
669	0.5440005139327748	0.26478493679197224	0.2792155771408026	1538.1252163082495	748.6617709862079	789.4634453220416	5.570270232323521	2.4554035472666835	10.675354463573179
670	0.5346089430666904	0.26062545956249605	0.2739834835041943	1511.5711752735465	736.9011261900012	774.6700490835453	5.539902788441524	2.449412591813143	10.569081525950635
671	0.5254569877135854	0.2565629466194707	0.2688940410941147	1485.69463114058	725.4146414547715	760.2799896858085	5.5099563618244884	2.443511391222353	10.465066796883875
672	0.5164469996105073	0.25260276422965927	0.26384423538084806	1460.2194899503745	714.217489542335	746.0020004080395	5.480842369366913	2.4377596682667817	10.363585354895987
673	0.5077527058327138	0.24872477393227876	0.25902793190043505	1435.6369534359537	703.2527302962861	732.3842231396676	5.451706522797008	2.43203122450735	10.263872098052486
674	0.4992744865783894	0.24493499348273734	0.25433949309565207	1411.6653532435355	692.5373785191883	719.1279747243472	5.422968126189281	2.426387331459713	10.166222123490632
675	0.4910051693876097	0.24123072054071285	0.24977444884689684	1388.2844097204538	682.0637935237883	706.2206161966656	5.394619623659535	2.4208263232317373	10.070575023440183
676	0.48285805141621463	0.23761628408268187	0.24524176733353276	1365.2489763502763	671.8442152027128	693.4047611475635	5.367042144871868	2.4154023837830714	9.977161655712798
677	0.4749884482786008	0.23407501259090846	0.24091343568769236	1342.998197686861	661.8315059500827	681.1666917367783	5.339444912383074	2.4100010893044654	9.885336345946767
678	0.4673078830768769	0.23061176361849703	0.23669611945837984	1321.281911195023	652.0394001737305	669.2425110212924	5.312216194589896	2.4046779946778747	9.795346403854602
679	0.45973691127402827	0.22723022663275524	0.23250668464127303	1299.8754927382947	642.4783295967069	657.3971631415878	5.285715538128531	2.3994834590766034	9.70739469613104
680	0.45241850722215354	0.22391589188894362	0.22850261533320992	1279.1831927734604	633.1072688822804	646.07592389118	5.259197284953635	2.3943111599677427	9.62091124217722
681	0.44527159081744194	0.2206729027872192	0.22459868803022273	1258.9757627078843	623.9379332183962	635.0378294894881	5.23302762817294	2.389212716736825	9.53611317552062
682	0.43829079049175595	0.21749919058512648	0.22079159990662947	1239.2380147904673	614.9644733735637	624.2735414169036	5.207200176007257	2.384186737371268	9.452953858459782
683	0.43140529873785843	0.21439775069218084	0.2170075480456776	1219.7697455111095	606.1953586686582	613.5743868424513	5.182048826280208	2.3792790801404067	9.371604944634164
684	0.4247432517923665	0.21135646594473628	0.2133867858476302	1200.9332515434644	597.5963286306163	603.3369229128481	5.156881653754637	2.3743929919088735	9.291581436956522
685	0.4182323746507144	0.20837870336529052	0.20985367128542387	1182.5241801264885	589.1769032912671	593.3472768352215	5.132038569688526	2.36957544417936	9.213066809757125
686	0.4118680811314563	0.20546267618532565	0.20640540494613063	1164.5295641376372	580.9320306816459	583.5975334559913	5.107513750249153	2.3648251764267507	9.136020598029454
687	0.40564596062051106	0.20260666137722633	0.20303929924328473	1146.9369328593948	572.8568390559442	574.0800938034506	5.083301534437527	2.360140969223199	9.06040374848877
688	0.399504521406365	0.19981297924451177	0.19969154216185322	1129.5724225735282	564.9578889178032	564.614533655725	5.059707379542806	2.3555637658554005	8.986356478494478
689	0.39366239324070784	0.19709062375341116	0.19657176948729668	1113.0541943396256	557.2606101076318	555.7935842319938	5.036098833681867	2.350890405095797	8.914324053669262
690	0.3883652338345173	0.19449591159637766	0.19386932223813966	1098.0768289717817	549.9242343219869	548.1525946497948	5.012786729499243	2.345812177339233	8.846904365410122
691	0.3831752942215799	0.19195086457110194	0.19122442965047798	1083.4026204272607	542.7282833881048	540.6743370391558	4.989765870004647	2.340795178832509	8.78063352206893
692	0.3780896337846262	0.18945420508181354	0.18863542870281264	1069.0232543066131	535.6691449890475	533.3541093175656	4.967031202339093	2.3358383542030468	8.715483436189011
693	0.3730552016895131	0.18700792570587424	0.18604727598363888	1054.7887329101097	528.7524530045763	526.0362799055334	4.944862723831937	2.3309784450631135	8.65157527988395
694	0.36817096575887553	0.18460424441555984	0.1835667213433157	1040.9788811638284	521.9562042696756	519.0226768941528	4.922681201142543	2.326138118717125	8.58858085637579
695	0.3633827408641417	0.1822453657539702	0.18113737511017147	1027.4404942260999	515.2866319831119	512.153862242988	4.900771410361721	2.321354944663256	8.526628293844928
696	0.35868797076249825	0.1799301685999091	0.17875780216258916	1014.1663444906455	508.74056624938254	505.425778241263	4.879128728268267	2.316627961370776	8.465692852189111
697	0.3540841843004086	0.17765756703666424	0.17642661726374437	1001.1494449354483	502.3149367113185	498.83450822412976	4.857748612330456	2.3119562219915117	8.405750539778095
698	0.3495248083913479	0.17542914637109583	0.1740956620202521	988.2581132606748	496.01422571846683	492.243887542208	4.836888210418261	2.3073727763192786	8.346902728133244
699	0.34509701344911614	0.17323851210942143	0.1718585013396947	975.7388180047691	489.8203532656063	485.9184647391628	4.816016003743445	2.302808109201194	8.28887348420484
700	0.3407532394850193	0.1710874199987355	0.1696658194862838	963.4570864677539	483.738283610693	479.71880285706095	4.7953934098967546	2.2982959925920956	8.231769855789114
701	0.33649132842916013	0.1689749131458278	0.16751641528333233	951.4068168507478	477.7653112019154	473.6415056488324	4.7750162825410465	2.293835568168014	8.175570629786097
702	0.33230919120473323	0.1669000636211834	0.16540912758354984	939.5821024282402	471.89881238038095	467.68329004785926	4.754880538211913	2.2894259873624416	8.120255208585956
703	0.32820480728874285	0.1648619720225556	0.16334283526618726	927.9772303060515	466.136244146148	461.84098615990354	4.734982205197089	2.2850664294017005	8.06580361821052
704	0.32417621983263595	0.16285976580669737	0.16131645402593858	916.586667625247	460.47513944130714	456.1115281839398	4.715317370646082	2.280756082370927	8.012196455950642
705	0.32022153535875253	0.16089259891193539	0.15932893644681714	905.405060703871	454.9131060828348	450.49195462103614	4.695882228601195	2.2764941610027885	7.959414899182985
706	0.31633964738048054	0.1589598524938027	0.15737979488667783	894.429281024733	449.44839432922294	444.98088669551004	4.6766904732522905	2.272286290357466	7.907450656997541
707	0.3125280181089184	0.15706051774760282	0.15546750036131557	883.6521531587603	444.07815185239053	439.5740013063697	4.657720682707321	2.2681252222734463	7.8562755904956045
708	0.30878492741290026	0.15519382176161306	0.1535911056512872	873.0688135496624	438.80019329592665	434.2686202537358	4.638969267154876	2.2640102142340304	7.805872456180344
709	0.3051087091818001	0.15335901442399547	0.15174969475780464	862.674551380627	433.61239776857576	429.06215361205125	4.620432728676652	2.259940546053131	7.756224510006462
710	0.30149774855774575	0.15155536740785172	0.14994238114989403	852.464800748589	428.51270597454806	423.952094774041	4.602107641039809	2.255915512731607	7.7073154797931105
711	0.2979504793554205	0.14978217321926024	0.14816830613616028	842.4351333688917	423.49911752190764	418.93601584698405	4.5839906305481675	2.2519344176155762	7.659129539490275
712	0.29446538386082005	0.14803874491025204	0.146426638950568	832.5812580062857	418.56969011103104	414.01156789525464	4.566078415256125	2.2479965871545047	7.611651316160225
713	0.29105450255427895	0.14631940228666113	0.14473510026761782	822.937218316879	413.70836337128173	409.2288549455973	4.546272999713314	2.243950497806575	7.564608453653557
714	0.28768915775055043	0.14463368543103922	0.1430554723195112	813.4219300559079	408.94211125059286	404.479818805315	4.528784903667693	2.240099546733127	7.518508229674615
715	0.28438170328593637	0.14297578201534666	0.1414059212705897	804.070322872605	404.2544997786018	399.8158230940031	4.51149172933499	2.2362898634207946	7.473071851140351
716	0.2811307940871867	0.14134507950381148	0.13978571458337524	794.8785936619536	399.6437970512155	395.2347966107381	4.494390436930504	2.232520821096025	7.428285558322126
717	0.27793512524176434	0.13974098256311437	0.13819414267864996	785.8430528706773	395.1083198031295	390.7347330675478	4.477478063711507	2.228791811912753	7.384135971047948
718	0.27483518823388037	0.13816466705671238	0.136670521177168	777.0781874731739	390.65139270994257	386.4267947632313	4.462338637269795	2.2251952137335027	7.340702674991987
719	0.27174519126372	0.1366120119339062	0.13513317932981378	768.3414268702103	386.2613637753128	382.08006309489747	4.445778587514324	2.2215432085311093	7.297785706247821
720	0.2687067736495535	0.13508427429882708	0.1336224993507264	759.7505034605273	381.9417873774333	377.808716083094	4.4293991533196575	2.217929503738537	7.255467453184251
721	0.2657322792916209	0.1335836619204438	0.1321486173711771	751.3403187998047	377.69890583599994	373.6414129638047	4.414924529823135	2.214464990584385	7.213882896486144
722	0.26280633153795846	0.1321067529224185	0.13069957861553996	743.0673964288804	373.52304402360465	369.5443524052758	4.4005896410297245	2.2110345689164475	7.17286614490399
723	0.2599520486873144	0.13065199455659027	0.12930005413072415	734.9971017975148	369.4098116482538	365.587290149261	4.3862075516739445	2.207616175036516	7.132348834487487
724	0.2571195180566193	0.12922105104631598	0.12789846701030333	726.988310119101	365.3639141906321	361.6243959284689	4.372148783412144	2.2042529146403624	7.092436284524316
725	0.25433245102242413	0.12781235939388427	0.12652009162853986	719.1080637313802	361.3809323788247	357.7271313525555	4.35822416650371	2.2009223867325827	7.053059053349007
726	0.2515898710689392	0.12642546129057752	0.12516440977836168	711.3536016010044	357.4595703754612	353.89403122554313	4.344431920740768	2.1976241586558545	7.014206871495655
727	0.2488908275638574	0.12505991014622697	0.12383091741763042	703.7222358784485	353.5985654765877	350.1236704018608	4.330770281033748	2.1943577995904877	6.975869717488528
728	0.24625607588327986	0.12371437311618347	0.12254170276709639	696.2726510070863	349.79414915274174	346.4785018543446	4.317062171923948	2.191102847064592	6.937987817882978
729	0.24364089598800295	0.12239025086809904	0.12125064511990391	688.8784040549505	346.0502816984086	342.8281223565419	4.303658712664839	2.187899294336953	6.900653002293812
730	0.24086248471101662	0.12107558044279963	0.11978690426821699	681.0226312441623	342.33313864339743	338.6894926007649	4.290380743443472	2.184910047405419	6.863204175315961
731	0.2380323443578888	0.11977441805813299	0.11825792629975582	673.0205979163494	338.6541886734809	334.3664092428685	4.275657550058693	2.181931829721063	6.8258764281081845
732	0.2352489493351366	0.11849315057957951	0.11675579875555708	665.1507338963843	335.0314902253645	330.1192436710198	4.261087592910865	2.17898571862898	6.789042077624242
733	0.23253069317828184	0.11723061554639581	0.11530007763188603	657.4650456807292	331.4617565187298	326.00328916199936	4.24650302202719	2.1760527522437183	6.752648378209379
734	0.2298373411327155	0.11598796323767312	0.11384937789504239	649.8497721808352	327.94823989108517	321.90153228975004	4.232235105072492	2.173169834886265	6.716774300206639
735	0.22718777752079491	0.11476402453398084	0.11242375298681408	642.3583075602495	324.4876347351177	317.8706728251318	4.218113837835323	2.170317688300095	6.681366247276867
736	0.2245810659262105	0.11355842585945788	0.11102264006675261	634.9880041642331	321.07888478996466	313.9091193742684	4.204137127801446	2.167495889709098	6.646415555234302
737	0.22201629442273657	0.11237080286927284	0.10964549155346373	627.736283582128	317.72095989488497	310.015323687243	4.190302902107204	2.1647040168819642	6.611913760710909
738	0.21950995069604143	0.11120015955325645	0.10830979114278498	620.6497636468873	314.41104389747096	306.23871974941636	4.176452953348809	2.161924596790027	6.577814961771943
739	0.21702604647533502	0.1100474526693421	0.10697859380599292	613.6266899200946	311.15184196704803	302.47484795304655	4.162899688512542	2.159191645631566	6.544187458378782
740	0.21458149905661392	0.10891168131222874	0.10566981774438518	606.714894929289	307.9405241105495	298.7743708187395	4.149482906952563	2.156487403938277	6.510984634140153
741	0.21218334394098626	0.1077940419815255	0.10438930195946075	599.9342710852069	304.78047335091924	295.15379773428765	4.137615685436063	2.153896579237461	6.478289898476356
742	0.2098225116503495	0.10669260271801399	0.10312990893233552	593.2591750426471	301.66622720215844	291.5929478404887	4.125854317508339	2.151331516455938	6.446000550222566
743	0.20751387530392726	0.10560650868914735	0.1019073666147799	586.7316595554896	298.59536868218277	288.13629087330685	4.114049394475514	2.1487760723447633	6.414076544490363
744	0.20522511592262183	0.10453656512357543	0.1006885507990464	580.2603448631602	295.570174521362	284.6901703417982	4.102497471131696	2.146261814015185	6.382577515553431
745	0.20297146749635323	0.10348191399798934	0.09948955349836389	573.8883040573945	292.58821871594466	281.30008534144986	4.091047479871054	2.1437723610522057	6.351462846144589
746	0.20075222702473433	0.1024422672857492	0.09830995973898513	567.6135494514261	289.64868688979254	277.9648625616336	4.079698170562619	2.1413074093758757	6.320725854486565
747	0.19856670897411105	0.10141734374073176	0.09714936523337929	561.4341427445128	286.7507838382263	274.68335890628646	4.068448312748084	2.1388666598102137	6.290360008818772
748	0.19642836208145203	0.10040640232900515	0.09602195975244689	555.388109344589	283.8924143371653	271.4956950074237	4.057155749635746	2.136435089763019	6.260330044952896
749	0.1943080185376631	0.0994101218130635	0.09489789672459961	549.3929792143606	281.07549754234805	268.31748167201255	4.046102722356839	2.134042078343095	6.230688212102226
750	0.19221944671574742	0.09842775895525487	0.09379168776049256	543.4876815113581	278.2979319988221	265.189749512536	4.035145534441512	2.131672390936615	6.201398762798611
751	0.19015593219813787	0.09745789572901233	0.09269803646912554	537.6532316671698	275.5557083309267	262.09752333624317	4.022988123914523	2.1292504530886447	6.172382622604653
752	0.1881232736826499	0.09650150628083692	0.09162176740181296	531.9060251136075	272.8515808730039	259.0544442406036	4.010947970252948	2.126853144778008	6.14371022210682
753	0.1861336009463622	0.09555794473692332	0.09057565620943887	526.280357987375	270.18372345989195	256.0966345274831	3.9988897761242135	2.124466477349303	6.1153503866598635
754	0.18416059368219945	0.09462777945718871	0.08953281422501073	520.7018113734593	267.5537430913973	253.14806828206207	3.987081057174704	2.122117696849504	6.0873487529579
755	0.18221667804198952	0.09371036286896495	0.08850631517302457	515.2055193884257	264.9598087989366	250.24571058948914	3.975384919105157	2.119792605799281	6.059673714446213
756	0.18030129193395386	0.09280546435850515	0.08749582757544871	509.78989275521224	262.40126853750223	247.38862421771	3.963799857180224	2.117490899667515	6.032319809151134
757	0.17841428901501177	0.09191296319276011	0.08650132582225166	504.4545176985064	259.8777809424398	244.57673675606657	3.9523430575166767	2.115219772232871	6.005288489823101
758	0.1765662029850198	0.09103218933961499	0.0855340136454048	499.22917755298414	257.38745154257657	241.84172601040757	3.9408674815128015	2.11295868641564	5.9785452944520445
759	0.1747333082217023	0.09016362025700854	0.08456968796469376	494.0467897020668	254.93163031843008	239.11515938363672	3.9296265545997793	2.110732905902646	5.952130179813072
760	0.17292681793716153	0.08930669366949404	0.08362012426766749	488.9390587560417	252.50872747362888	236.4303312824128	3.918490678816969	2.1085292720259114	5.926015311925004
761	0.17115095445175563	0.08846208871240817	0.08268886573934746	483.91792304446506	250.12066321809905	233.797259826366	3.908635016608715	2.10641375982021	5.9002544204071645
762	0.16941088936685664	0.08762837130069616	0.08178251806616048	478.998004925727	247.76338277187514	231.23462215385186	3.898739097816821	2.104306280071898	5.87476151816051
763	0.16768023239397173	0.08680512043728529	0.08087511195668644	474.10468761701776	245.4356957937774	228.66899182324036	3.8878900487265344	2.1021660169693575	5.849516539952965
764	0.16597846350373227	0.0859935356362465	0.07998492786748577	469.2930494377022	243.14099382993965	226.15205560776258	3.8782872232121735	2.100110778608162	5.824607961080226
765	0.1643005222661782	0.08519256858039392	0.07910795368578427	464.5487823591525	240.87631283334917	223.6724695258033	3.868763098208011	2.098074863790059	5.7999739673713036
766	0.162655793500752	0.0844017678672769	0.07825402563347508	459.89842133320275	238.64037649364536	221.25804483955739	3.8591992952383634	2.096046694324807	5.775591951688061
767	0.16102403255099082	0.08362150114560327	0.07740253140538755	455.28472594223683	236.4342243130599	218.85050162917693	3.84983111005526	2.0940489306013195	5.751494702599729
768	0.1594188367249717	0.0828520566050544	0.0765667801199173	450.74614166910163	234.25867112872012	216.4874705403815	3.8416491312193486	2.092130969797731	5.727710149474619
769	0.15784097973438033	0.08209151777601206	0.07574946195836826	446.28485613205015	232.10829825043987	214.17655788161028	3.8323083493577146	2.0901586994834744	5.70411452402998
770	0.15627542678549008	0.08134097813944112	0.07493444864604897	441.85835945331473	229.98619742280857	211.87216203050616	3.8231579491136696	2.0882157960932797	5.680790246327943
771	0.154731250264611	0.08060001921114925	0.07413123105346174	437.49230320085906	227.8911854096484	209.60111779121067	3.8140811140770765	2.086290947708144	5.657715925825593
772	0.1532168470653116	0.0798682532604853	0.0733485938048263	433.2104290319164	225.82216592837068	207.38826310354574	3.804964994824545	2.084373403698103	5.6348718042982116
773	0.15171413351612634	0.07914598466038666	0.07256814885573967	428.96160657000314	223.77999957318107	205.18160699682207	3.7960339736032807	2.0824842108089316	5.612286382767691
774	0.15023168729016814	0.07843282563052106	0.07179886165964708	424.7700886144722	221.76358992102078	203.0064986934514	3.787174063585694	2.0806124747898602	5.589939668919016
775	0.14878183052903776	0.07772746792479919	0.07105436260423857	420.6707151999	219.76923799321688	200.9014772066831	3.7782751109755783	2.078771304417422	5.567745428085846
776	0.14738218017691143	0.07702276749132961	0.07035941268558182	416.71329706244893	217.77674445892424	198.9365526035247	3.7695561706228826	2.0771687179857614	5.5451964640929665
777	0.14600121247529485	0.0763270317417215	0.06967418073357336	412.80870287482986	215.80959797109648	196.99910490373338	3.760905995513816	2.0755830112956564	5.522890289605066
778	0.14463859941463686	0.07564011057115909	0.06899848884347777	408.95600521188607	213.86737411836572	195.08863109352035	3.7523238259972516	2.0740139943284057	5.500823168687346
779	0.14330171995722488	0.0749616697155067	0.06834005024171817	405.17606759795956	211.9491277911543	193.22693980680526	3.743703195508389	2.072451803939388	5.478977842568061
780	0.14197471975646403	0.07429194512493136	0.06768277463153267	401.4240629241394	210.05552612284237	191.368536801297	3.7352558693780025	2.0709157407449794	5.45737823073551
781	0.1406651357049185	0.07363060323914934	0.06703453246576917	397.7213012521049	208.18562599394676	189.53567525815816	3.7268743300990717	2.069395815529303	5.436006899799393
782	0.13937994973162768	0.07297733339641187	0.06640261633521581	394.0875235211365	206.3385490290665	187.74897449207	3.718454593564562	2.067882508905712	5.414847675788483
783	0.13810703660257567	0.07233286029100829	0.06577417631156739	390.4884464397376	204.51634425303166	185.9721021867059	3.711188956411567	2.066446255076569	5.393960682442878
784	0.13684773116364302	0.07169584230647855	0.06515188885716447	386.9278441957187	202.71521833466878	184.21262586104993	3.702993914684103	2.064973253353703	5.373253335325536
785	0.1356046827022832	0.07106667209852931	0.0645380106037539	383.413207472881	200.93628148183296	182.47692599104806	3.6948619308982287	2.0635156981740645	5.352760888465461
786	0.13438438874317893	0.07044506746705555	0.06393932127612338	379.9629075894532	199.17873579252515	180.78417179692806	3.686692300815238	2.0620645090419636	5.332468488228048
787	0.1331729116537223	0.06983121850226162	0.06334169315146068	376.53753681764687	197.44311873413588	179.094418083511	3.678685393399426	2.060637461018905	5.31239660222203
788	0.1319743158293028	0.06922439232777455	0.06274992350152825	373.1485869646892	195.72735814753875	177.42122881715042	3.669791539480163	2.059176263198359	5.292495941018279
789	0.13079994429147626	0.0686252398162481	0.06217470447522816	369.8281296684504	194.0332943318065	175.7948353366439	3.6618156508398148	2.057770864004353	5.2728217979861585
790	0.129633987154659	0.068033471664173	0.06160051549048598	366.53146353056724	192.36010930053774	174.1713542300295	3.653998036794737	2.056388796865822	5.25335836816031
791	0.1284803137026948	0.0674484062972616	0.0610319074054332	363.2695286933682	190.70587594783495	172.56365274553326	3.6453138963197964	2.0549736768539333	5.234059226333576
792	0.12734725609336606	0.06687023888127257	0.06047701721209349	360.06588377796317	189.0711460918804	170.99473768608277	3.636607774180667	2.053565605022948	5.214944893129403
793	0.12622233816906006	0.06629912613812633	0.05992321203093373	356.88525327976106	187.45636285346464	169.42889042629642	3.628070292263723	2.052181106440924	5.196033236518161
794	0.12511733648747864	0.06573469811524887	0.05938263837222976	353.7609346312065	185.8604802163278	167.9004544148787	3.619510541711804	2.050803499568694	5.17730121427842
795	0.12402023590620802	0.06517710200509977	0.05884313390110825	350.6589558174746	184.2839143573446	166.37504146012998	3.6111162754641706	2.049448929506385	5.158765922759868
796	0.12293675641684178	0.06462610439992271	0.05831065201691907	347.5954897337772	182.72600533163177	164.86948440214542	3.602791860629117	2.0481090148665766	5.1404146662802574
797	0.12187219765438902	0.06408148714498021	0.0577907105094088	344.5855207450846	181.18613632120076	163.39938442388382	3.594445084540583	2.046775785145049	5.12223564766942
798	0.12081519685160451	0.06354338394167955	0.05727181290992496	341.5969213839049	179.6646853578745	161.93223602603038	3.5862589244965584	2.045464799115118	5.104244853183893
799	0.1197764870743489	0.06301146766378588	0.05676501941056303	338.6600386790106	178.16072751401447	160.49931116499613	3.5780501602665553	2.0441603521547855	5.08642157612878
800	0.11874511868041959	0.0624858639279568	0.056259254752462795	335.74391324644887	176.67461796235247	159.0692952840964	3.5699990634894956	2.0428776511593836	5.068781124991919
