lambda	n1-Au	k1-Au
300	1.53	1.89
301	1.53	1.89
302	1.529	1.889
303	1.529	1.889
304	1.529	1.889
305	1.529	1.889
306	1.529	1.889
307	1.529	1.889
308	1.529	1.889
309	1.53	1.89
310	1.53	1.89
311	1.532	1.891
312	1.534	1.892
313	1.536	1.894
314	1.537	1.895
315	1.538	1.896
316	1.539	1.897
317	1.54	1.898
318	1.54	1.898
319	1.54	1.899
320	1.54	1.9
321	1.535	1.9
322	1.531	1.899
323	1.526	1.899
324	1.521	1.898
325	1.516	1.897
326	1.511	1.896
327	1.506	1.895
328	1.501	1.893
329	1.495	1.892
330	1.49	1.89
331	1.488	1.888
332	1.486	1.886
333	1.484	1.883
334	1.482	1.881
335	1.481	1.879
336	1.48	1.877
337	1.48	1.875
338	1.48	1.874
339	1.48	1.872
340	1.48	1.87
341	1.481	1.869
342	1.482	1.869
343	1.482	1.868
344	1.483	1.868
345	1.484	1.868
346	1.485	1.868
347	1.486	1.868
348	1.488	1.869
349	1.489	1.869
350	1.49	1.87
351	1.49	1.871
352	1.491	1.871
353	1.491	1.872
354	1.491	1.873
355	1.491	1.874
356	1.491	1.875
357	1.491	1.876
358	1.491	1.877
359	1.49	1.879
360	1.49	1.88
361	1.489	1.882
362	1.489	1.883
363	1.488	1.885
364	1.487	1.887
365	1.486	1.889
366	1.485	1.891
367	1.484	1.893
368	1.483	1.895
369	1.481	1.898
370	1.48	1.9
371	1.478	1.903
372	1.475	1.906
373	1.473	1.91
374	1.471	1.913
375	1.469	1.916
376	1.467	1.919
377	1.465	1.922
378	1.463	1.924
379	1.462	1.927
380	1.46	1.93
381	1.461	1.931
382	1.461	1.933
383	1.462	1.934
384	1.463	1.935
385	1.464	1.936
386	1.465	1.937
387	1.466	1.938
388	1.467	1.939
389	1.469	1.939
390	1.47	1.94
391	1.47	1.941
392	1.471	1.942
393	1.471	1.943
394	1.471	1.944
395	1.471	1.945
396	1.471	1.946
397	1.471	1.947
398	1.471	1.948
399	1.47	1.949
400	1.47	1.95
401	1.469	1.951
402	1.468	1.953
403	1.467	1.954
404	1.466	1.955
405	1.465	1.956
406	1.464	1.957
407	1.463	1.958
408	1.462	1.959
409	1.461	1.959
410	1.46	1.96
411	1.46	1.959
412	1.46	1.958
413	1.46	1.958
414	1.46	1.957
415	1.46	1.956
416	1.46	1.955
417	1.46	1.954
418	1.46	1.952
419	1.46	1.951
420	1.46	1.95
421	1.46	1.95
422	1.459	1.95
423	1.459	1.951
424	1.458	1.951
425	1.457	1.951
426	1.456	1.951
427	1.455	1.951
428	1.453	1.95
429	1.452	1.95
430	1.45	1.95
431	1.448	1.948
432	1.445	1.946
433	1.443	1.945
434	1.44	1.943
435	1.437	1.941
436	1.434	1.939
437	1.431	1.937
438	1.427	1.934
439	1.424	1.932
440	1.42	1.93
441	1.416	1.929
442	1.412	1.928
443	1.408	1.928
444	1.404	1.927
445	1.4	1.926
446	1.396	1.925
447	1.392	1.924
448	1.388	1.922
449	1.384	1.921
450	1.38	1.92
451	1.377	1.918
452	1.374	1.915
453	1.371	1.913
454	1.368	1.91
455	1.365	1.907
456	1.362	1.904
457	1.359	1.901
458	1.356	1.897
459	1.353	1.894
460	1.35	1.89
461	1.347	1.886
462	1.344	1.881
463	1.341	1.877
464	1.338	1.873
465	1.334	1.869
466	1.33	1.865
467	1.325	1.861
468	1.32	1.857
469	1.315	1.854
470	1.31	1.85
471	1.303	1.848
472	1.295	1.846
473	1.287	1.845
474	1.278	1.844
475	1.269	1.843
476	1.26	1.842
477	1.251	1.841
478	1.241	1.84
479	1.231	1.84
480	1.22	1.84
481	1.21	1.839
482	1.2	1.838
483	1.19	1.838
484	1.179	1.838
485	1.168	1.838
486	1.157	1.838
487	1.146	1.838
488	1.134	1.838
489	1.122	1.839
490	1.11	1.84
491	1.097	1.841
492	1.085	1.842
493	1.071	1.844
494	1.058	1.846
495	1.044	1.849
496	1.03	1.852
497	1.016	1.856
498	1.001	1.86
499	0.986	1.865
500	0.971	1.87
501	0.955	1.878
502	0.939	1.887
503	0.922	1.896
504	0.906	1.906
505	0.889	1.916
506	0.872	1.926
507	0.855	1.936
508	0.838	1.947
509	0.821	1.958
510	0.803	1.97
511	0.784	1.979
512	0.766	1.989
513	0.748	1.998
514	0.73	2.008
515	0.713	2.018
516	0.697	2.028
517	0.681	2.038
518	0.665	2.049
519	0.65	2.059
520	0.635	2.07
521	0.625	2.082
522	0.616	2.094
523	0.607	2.107
524	0.598	2.12
525	0.59	2.132
526	0.583	2.146
527	0.576	2.159
528	0.569	2.172
529	0.564	2.186
530	0.558	2.2
531	0.551	2.214
532	0.544	2.228
533	0.537	2.242
534	0.53	2.256
535	0.523	2.27
536	0.516	2.284
537	0.509	2.298
538	0.502	2.312
539	0.496	2.326
540	0.489	2.34
541	0.482	2.353
542	0.475	2.367
543	0.468	2.38
544	0.461	2.393
545	0.455	2.406
546	0.448	2.419
547	0.442	2.432
548	0.436	2.445
549	0.43	2.457
550	0.424	2.47
551	0.419	2.482
552	0.415	2.494
553	0.41	2.506
554	0.406	2.518
555	0.402	2.53
556	0.397	2.542
557	0.393	2.554
558	0.389	2.566
559	0.386	2.578
560	0.382	2.59
561	0.378	2.603
562	0.374	2.616
563	0.37	2.629
564	0.366	2.642
565	0.362	2.655
566	0.357	2.668
567	0.353	2.681
568	0.349	2.694
569	0.345	2.707
570	0.341	2.72
571	0.337	2.732
572	0.332	2.744
573	0.328	2.757
574	0.323	2.769
575	0.319	2.781
576	0.315	2.793
577	0.311	2.805
578	0.307	2.816
579	0.303	2.828
580	0.299	2.84
581	0.296	2.852
582	0.293	2.864
583	0.29	2.877
584	0.287	2.889
585	0.284	2.901
586	0.282	2.913
587	0.279	2.925
588	0.277	2.936
589	0.274	2.948
590	0.272	2.96
591	0.27	2.971
592	0.267	2.982
593	0.265	2.993
594	0.263	3.004
595	0.26	3.015
596	0.258	3.026
597	0.256	3.037
598	0.253	3.048
599	0.251	3.059
600	0.249	3.07
601	0.247	3.082
602	0.244	3.094
603	0.242	3.106
604	0.24	3.118
605	0.237	3.13
606	0.235	3.142
607	0.233	3.154
608	0.231	3.166
609	0.228	3.178
610	0.226	3.19
611	0.224	3.201
612	0.222	3.213
613	0.219	3.224
614	0.217	3.235
615	0.215	3.246
616	0.213	3.257
617	0.211	3.268
618	0.209	3.279
619	0.207	3.289
620	0.205	3.3
621	0.203	3.31
622	0.201	3.32
623	0.2	3.331
624	0.198	3.341
625	0.196	3.351
626	0.195	3.361
627	0.193	3.371
628	0.191	3.38
629	0.19	3.39
630	0.188	3.4
631	0.186	3.41
632	0.185	3.42
633	0.183	3.43
634	0.182	3.44
635	0.18	3.45
636	0.178	3.46
637	0.177	3.47
638	0.175	3.48
639	0.174	3.49
640	0.172	3.5
641	0.17	3.51
642	0.169	3.52
643	0.167	3.53
644	0.166	3.54
645	0.164	3.55
646	0.162	3.56
647	0.161	3.57
648	0.159	3.58
649	0.158	3.59
650	0.156	3.6
651	0.154	3.61
652	0.152	3.62
653	0.151	3.631
654	0.149	3.641
655	0.147	3.651
656	0.146	3.661
657	0.144	3.671
658	0.143	3.68
659	0.141	3.69
660	0.14	3.7
661	0.14	3.709
662	0.139	3.718
663	0.139	3.728
664	0.138	3.737
665	0.138	3.746
666	0.138	3.755
667	0.138	3.764
668	0.138	3.772
669	0.138	3.781
670	0.138	3.79
671	0.138	3.799
672	0.137	3.808
673	0.137	3.817
674	0.137	3.826
675	0.137	3.835
676	0.136	3.844
677	0.136	3.853
678	0.136	3.862
679	0.135	3.871
680	0.135	3.88
681	0.135	3.889
682	0.135	3.898
683	0.134	3.907
684	0.134	3.916
685	0.134	3.925
686	0.134	3.934
687	0.134	3.943
688	0.133	3.952
689	0.133	3.961
690	0.133	3.97
691	0.133	3.979
692	0.133	3.988
693	0.132	3.997
694	0.132	4.006
695	0.132	4.015
696	0.132	4.024
697	0.132	4.033
698	0.131	4.042
699	0.131	4.051
700	0.131	4.06
701	0.131	4.069
702	0.131	4.078
703	0.131	4.087
704	0.131	4.096
705	0.131	4.105
706	0.131	4.114
707	0.131	4.123
708	0.131	4.132
709	0.131	4.141
710	0.131	4.15
711	0.131	4.159
712	0.131	4.168
713	0.132	4.178
714	0.132	4.187
715	0.132	4.196
716	0.132	4.205
717	0.132	4.214
718	0.133	4.222
719	0.133	4.231
720	0.133	4.24
721	0.133	4.248
722	0.133	4.256
723	0.134	4.264
724	0.134	4.272
725	0.134	4.28
726	0.134	4.288
727	0.134	4.296
728	0.135	4.304
729	0.135	4.312
730	0.135	4.32
731	0.135	4.329
732	0.135	4.338
733	0.136	4.347
734	0.136	4.356
735	0.136	4.365
736	0.136	4.374
737	0.136	4.383
738	0.137	4.392
739	0.137	4.401
740	0.137	4.41
741	0.137	4.418
742	0.137	4.426
743	0.138	4.434
744	0.138	4.442
745	0.138	4.45
746	0.138	4.458
747	0.138	4.466
748	0.139	4.474
749	0.139	4.482
750	0.139	4.49
751	0.139	4.499
752	0.139	4.508
753	0.14	4.517
754	0.14	4.526
755	0.14	4.535
756	0.14	4.544
757	0.14	4.553
758	0.141	4.562
759	0.141	4.571
760	0.141	4.58
761	0.141	4.588
762	0.142	4.596
763	0.142	4.605
764	0.142	4.613
765	0.142	4.621
766	0.143	4.629
767	0.143	4.637
768	0.143	4.644
769	0.144	4.652
770	0.144	4.66
771	0.144	4.668
772	0.145	4.676
773	0.145	4.684
774	0.145	4.692
775	0.146	4.7
776	0.146	4.708
777	0.146	4.716
778	0.146	4.724
779	0.147	4.732
780	0.147	4.74
781	0.147	4.748
782	0.148	4.756
783	0.148	4.763
784	0.148	4.771
785	0.148	4.779
786	0.149	4.787
787	0.149	4.795
788	0.149	4.804
789	0.15	4.812
790	0.15	4.82
791	0.15	4.829
792	0.151	4.838
793	0.151	4.847
794	0.152	4.856
795	0.152	4.865
796	0.152	4.874
797	0.153	4.883
798	0.153	4.892
799	0.154	4.901
800	0.154	4.91
801	0.154	4.918
802	0.155	4.926
803	0.155	4.935
804	0.155	4.943
805	0.156	4.951
806	0.156	4.959
807	0.156	4.967
808	0.156	4.974
809	0.157	4.982
810	0.157	4.99
811	0.157	4.998
812	0.158	5.006
813	0.158	5.013
814	0.158	5.021
815	0.159	5.029
816	0.159	5.037
817	0.159	5.045
818	0.16	5.054
819	0.16	5.062
820	0.16	5.07
821	0.16	5.079
822	0.16	5.088
823	0.16	5.097
824	0.161	5.106
825	0.161	5.115
826	0.161	5.124
827	0.161	5.133
828	0.161	5.142
829	0.161	5.151
830	0.161	5.16
831	0.161	5.168
832	0.161	5.176
833	0.162	5.185
834	0.162	5.193
835	0.162	5.201
836	0.162	5.209
837	0.162	5.217
838	0.163	5.224
839	0.163	5.232
840	0.163	5.24
841	0.163	5.248
842	0.163	5.256
843	0.163	5.264
844	0.164	5.272
845	0.164	5.28
846	0.164	5.288
847	0.164	5.296
848	0.164	5.304
849	0.164	5.312
850	0.164	5.32
851	0.164	5.328
852	0.164	5.336
853	0.164	5.344
854	0.164	5.352
855	0.164	5.36
856	0.165	5.368
857	0.165	5.376
858	0.165	5.384
859	0.165	5.392
860	0.165	5.4
861	0.165	5.408
862	0.165	5.416
863	0.166	5.424
864	0.166	5.432
865	0.166	5.44
866	0.166	5.448
867	0.166	5.456
868	0.167	5.464
869	0.167	5.472
870	0.167	5.48
871	0.167	5.488
872	0.167	5.496
873	0.167	5.503
874	0.167	5.511
875	0.168	5.519
876	0.168	5.527
877	0.168	5.535
878	0.168	5.544
879	0.168	5.552
880	0.168	5.56
881	0.168	5.569
882	0.168	5.578
883	0.168	5.587
884	0.169	5.596
885	0.169	5.605
886	0.169	5.614
887	0.169	5.623
888	0.17	5.632
889	0.17	5.641
890	0.17	5.65
891	0.17	5.658
892	0.171	5.667
893	0.171	5.675
894	0.171	5.683
895	0.172	5.691
896	0.172	5.699
897	0.173	5.707
898	0.173	5.715
899	0.174	5.722
900	0.174	5.73
901	0.175	5.737
902	0.175	5.744
903	0.176	5.752
904	0.176	5.759
905	0.177	5.766
906	0.178	5.773
907	0.178	5.78
908	0.179	5.786
909	0.179	5.793
910	0.18	5.8
911	0.181	5.807
912	0.181	5.814
913	0.182	5.82
914	0.182	5.827
915	0.183	5.834
916	0.183	5.841
917	0.184	5.848
918	0.184	5.856
919	0.185	5.863
920	0.185	5.87
921	0.186	5.878
922	0.186	5.886
923	0.187	5.894
924	0.187	5.902
925	0.188	5.91
926	0.189	5.918
927	0.189	5.926
928	0.19	5.934
929	0.19	5.942
930	0.191	5.95
931	0.192	5.957
932	0.192	5.964
933	0.193	5.971
934	0.193	5.978
935	0.194	5.985
936	0.194	5.992
937	0.195	5.999
938	0.195	6.006
939	0.196	6.013
940	0.196	6.02
941	0.197	6.028
942	0.197	6.036
943	0.198	6.044
944	0.198	6.052
945	0.199	6.06
946	0.2	6.068
947	0.2	6.076
948	0.201	6.084
949	0.201	6.092
950	0.202	6.1
951	0.203	6.107
952	0.203	6.114
953	0.204	6.121
954	0.204	6.128
955	0.205	6.135
956	0.205	6.142
957	0.206	6.149
958	0.206	6.156
959	0.207	6.163
960	0.207	6.17
961	0.208	6.178
962	0.208	6.186
963	0.208	6.194
964	0.209	6.202
965	0.209	6.21
966	0.21	6.218
967	0.21	6.226
968	0.211	6.234
969	0.212	6.242
970	0.212	6.25
971	0.213	6.257
972	0.213	6.264
973	0.214	6.271
974	0.214	6.278
975	0.215	6.285
976	0.216	6.292
977	0.216	6.299
978	0.217	6.306
979	0.217	6.313
980	0.218	6.32
981	0.219	6.328
982	0.219	6.336
983	0.22	6.344
984	0.221	6.352
985	0.221	6.36
986	0.222	6.368
987	0.222	6.376
988	0.223	6.384
989	0.223	6.392
990	0.224	6.4
991	0.225	6.407
992	0.225	6.415
993	0.225	6.422
994	0.226	6.429
995	0.226	6.436
996	0.227	6.443
997	0.227	6.45
998	0.227	6.457
999	0.228	6.463
1000	0.228	6.47